DataName 	= HST_mock_554
H0		=  64.328088
sigma_H0	=   1.740000
