DataName 	= HST_mock_761
H0  =  65.931171
sigma_H0	=   1.740000
