DataName 	= HST_mock_102
H0  =  65.053333
sigma_H0	=   1.740000
