DataName 	= HST_mock_999
H0		=  67.930343
sigma_H0	=   1.740000
