DataName 	= HST_mock_162
H0  =  64.188437
sigma_H0	=   1.740000
