DataName 	= HST_mock_481
H0  =  68.810298
sigma_H0	=   1.740000
