DataName 	= HST_mock_986
H0		=  69.000568
sigma_H0	=   1.740000
