DataName 	= HST_mock_328
H0		=  65.884464
sigma_H0	=   1.740000
