DataName 	= HST_mock_322
H0		=  71.917868
sigma_H0	=   1.740000
