DataName 	= HST_mock_608
H0		=  67.113395
sigma_H0	=   1.740000
