DataName 	= HST_mock_237
H0  =  64.197748
sigma_H0	=   1.740000
