DataName 	= HST_mock_214
H0		=  65.930846
sigma_H0	=   1.740000
