DataName 	= HST_mock_820
H0  =  66.488431
sigma_H0	=   1.740000
