DataName 	= HST_mock_603
H0  =  67.526503
sigma_H0	=   1.740000
