DataName 	= HST_mock_535
H0		=  68.302379
sigma_H0	=   1.740000
