DataName 	= HST_mock_15
H0		=  64.968273
sigma_H0	=   1.740000
