DataName 	= HST_mock_726
H0  =  66.270646
sigma_H0	=   1.740000
