DataName 	= HST_mock_172
H0		=  70.576860
sigma_H0	=   1.740000
