DataName 	= HST_mock_663
H0  =  69.097427
sigma_H0	=   1.740000
