DataName 	= HST_mock_99
H0		=  66.435359
sigma_H0	=   1.740000
