DataName 	= HST_mock_39
H0		=  66.501701
sigma_H0	=   1.740000
