DataName 	= HST_mock_619
H0		=  69.107179
sigma_H0	=   1.740000
