DataName 	= HST_mock_342
H0  =  66.494759
sigma_H0	=   1.740000
