DataName 	= HST_mock_196
H0		=  65.512784
sigma_H0	=   1.740000
