DataName 	= HST_mock_688
H0		=  63.555042
sigma_H0	=   1.740000
