DataName 	= HST_mock_43
H0  =  66.638169
sigma_H0	=   1.740000
