DataName 	= HST_mock_57
H0		=  69.225593
sigma_H0	=   1.740000
