DataName 	= HST_mock_623
H0		=  70.542433
sigma_H0	=   1.740000
