DataName 	= HST_mock_352
H0  =  68.980335
sigma_H0	=   1.740000
