DataName 	= HST_mock_713
H0  =  71.127455
sigma_H0	=   1.740000
