DataName 	= HST_mock_959
H0  =  66.753395
sigma_H0	=   1.740000
