DataName 	= HST_mock_482
H0		=  66.169996
sigma_H0	=   1.740000
