DataName 	= HST_mock_872
H0  =  64.901489
sigma_H0	=   1.740000
