DataName 	= HST_mock_352
H0		=  65.659665
sigma_H0	=   1.740000
