DataName 	= HST_mock_592
H0		=  69.192210
sigma_H0	=   1.740000
