DataName 	= HST_mock_963
H0		=  64.675285
sigma_H0	=   1.740000
