DataName 	= HST_mock_865
H0  =  66.082359
sigma_H0	=   1.740000
