DataName 	= HST_mock_699
H0  =  67.210871
sigma_H0	=   1.740000
