DataName 	= HST_mock_160
H0  =  68.741340
sigma_H0	=   1.740000
