DataName 	= HST_mock_818
H0		=  66.308289
sigma_H0	=   1.740000
