DataName 	= HST_mock_490
H0  =  68.702009
sigma_H0	=   1.740000
