DataName 	= HST_mock_442
H0		=  66.810462
sigma_H0	=   1.740000
