DataName 	= HST_mock_660
H0		=  67.795258
sigma_H0	=   1.740000
