DataName 	= HST_mock_858
H0		=  67.993527
sigma_H0	=   1.740000
