DataName 	= HST_mock_557
H0		=  68.185383
sigma_H0	=   1.740000
