DataName 	= HST_mock_534
H0  =  71.776934
sigma_H0	=   1.740000
