DataName 	= HST_mock_247
H0		=  65.676344
sigma_H0	=   1.740000
