DataName 	= HST_mock_855
H0  =  67.566050
sigma_H0	=   1.740000
