DataName 	= HST_mock_395
H0  =  70.093087
sigma_H0	=   1.740000
