DataName 	= HST_mock_950
H0		=  65.430100
sigma_H0	=   1.740000
