DataName 	= HST_mock_843
H0  =  69.787201
sigma_H0	=   1.740000
