DataName 	= HST_mock_404
H0  =  67.524889
sigma_H0	=   1.740000
