DataName 	= HST_mock_542
H0		=  67.570998
sigma_H0	=   1.740000
