DataName 	= HST_mock_100
H0  =  68.043509
sigma_H0	=   1.740000
