DataName 	= HST_mock_507
H0  =  66.034325
sigma_H0	=   1.740000
