DataName 	= HST_mock_647
H0  =  66.325173
sigma_H0	=   1.740000
