DataName 	= HST_mock_929
H0		=  66.147584
sigma_H0	=   1.740000
