DataName 	= HST_mock_168
H0  =  69.511879
sigma_H0	=   1.740000
