DataName 	= HST_mock_712
H0		=  69.763656
sigma_H0	=   1.740000
