DataName 	= HST_mock_181
H0		=  65.271381
sigma_H0	=   1.740000
