DataName 	= HST_mock_693
H0  =  66.367904
sigma_H0	=   1.740000
