DataName 	= HST_mock_371
H0		=  69.091092
sigma_H0	=   1.740000
