DataName 	= HST_mock_580
H0		=  67.367623
sigma_H0	=   1.740000
