DataName 	= HST_mock_178
H0  =  64.427765
sigma_H0	=   1.740000
