DataName 	= HST_mock_822
H0  =  69.941214
sigma_H0	=   1.740000
