DataName 	= HST_mock_878
H0  =  68.191500
sigma_H0	=   1.740000
