DataName 	= HST_mock_340
H0  =  68.102677
sigma_H0	=   1.740000
