DataName 	= HST_mock_725
H0		=  66.750432
sigma_H0	=   1.740000
