DataName 	= HST_mock_278
H0		=  66.228301
sigma_H0	=   1.740000
