DataName 	= HST_mock_790
H0		=  66.219873
sigma_H0	=   1.740000
