DataName 	= HST_mock_726
H0		=  68.369354
sigma_H0	=   1.740000
