DataName 	= HST_mock_135
H0		=  63.658570
sigma_H0	=   1.740000
