DataName 	= HST_mock_958
H0  =  68.642822
sigma_H0	=   1.740000
