DataName 	= HST_mock_380
H0  =  65.215486
sigma_H0	=   1.740000
