DataName 	= HST_mock_745
H0  =  63.452878
sigma_H0	=   1.740000
