DataName 	= HST_mock_716
H0		=  67.824929
sigma_H0	=   1.740000
