DataName 	= HST_mock_226
H0  =  68.341559
sigma_H0	=   1.740000
