DataName 	= HST_mock_569
H0  =  68.528354
sigma_H0	=   1.740000
