DataName 	= HST_mock_285
H0		=  66.043407
sigma_H0	=   1.740000
