DataName 	= HST_mock_775
H0		=  68.786652
sigma_H0	=   1.740000
