DataName 	= HST_mock_980
H0		=  68.527386
sigma_H0	=   1.740000
