DataName 	= HST_mock_694
H0		=  67.130999
sigma_H0	=   1.740000
