DataName 	= HST_mock_751
H0		=  66.793750
sigma_H0	=   1.740000
