DataName 	= HST_mock_41
H0		=  69.330378
sigma_H0	=   1.740000
