DataName 	= HST_mock_967
H0  =  64.582769
sigma_H0	=   1.740000
