DataName 	= HST_mock_684
H0		=  68.493986
sigma_H0	=   1.740000
