DataName 	= HST_mock_953
H0  =  67.504486
sigma_H0	=   1.740000
