DataName 	= HST_mock_237
H0		=  70.442252
sigma_H0	=   1.740000
