DataName 	= HST_mock_675
H0  =  69.835162
sigma_H0	=   1.740000
