DataName 	= HST_mock_122
H0		=  64.816763
sigma_H0	=   1.740000
