DataName 	= HST_mock_11
H0  =  65.744307
sigma_H0	=   1.740000
