DataName 	= HST_mock_290
H0		=  64.715763
sigma_H0	=   1.740000
