DataName 	= HST_mock_613
H0		=  66.704873
sigma_H0	=   1.740000
