DataName 	= HST_mock_46
H0		=  69.058494
sigma_H0	=   1.740000
