DataName 	= HST_mock_248
H0		=  66.650547
sigma_H0	=   1.740000
