DataName 	= HST_mock_718
H0		=  67.767883
sigma_H0	=   1.740000
