DataName 	= HST_mock_63
H0		=  66.670552
sigma_H0	=   1.740000
