DataName 	= HST_mock_374
H0		=  67.492781
sigma_H0	=   1.740000
