DataName 	= HST_mock_240
H0		=  66.024396
sigma_H0	=   1.740000
