DataName 	= HST_mock_458
H0		=  65.960957
sigma_H0	=   1.740000
