DataName 	= HST_mock_796
H0		=  65.634317
sigma_H0	=   1.740000
