DataName 	= HST_mock_359
H0		=  66.861626
sigma_H0	=   1.740000
