DataName 	= HST_mock_762
H0		=  65.779455
sigma_H0	=   1.740000
