DataName 	= HST_mock_717
H0		=  64.839478
sigma_H0	=   1.740000
