DataName 	= HST_mock_1000
H0		=  65.809647
sigma_H0	=   1.740000
