DataName 	= HST_mock_605
H0  =  65.299149
sigma_H0	=   1.740000
