DataName 	= HST_mock_864
H0  =  66.543116
sigma_H0	=   1.740000
