DataName 	= HST_mock_7
H0  =  67.018567
sigma_H0	=   1.740000
