DataName 	= HST_mock_126
H0  =  68.732385
sigma_H0	=   1.740000
