DataName 	= HST_mock_177
H0		=  71.910464
sigma_H0	=   1.740000
