DataName 	= HST_mock_756
H0  =  66.732213
sigma_H0	=   1.740000
