DataName 	= HST_mock_679
H0		=  66.838629
sigma_H0	=   1.740000
