DataName 	= HST_mock_634
H0  =  68.322378
sigma_H0	=   1.740000
