DataName 	= HST_mock_335
H0		=  67.271150
sigma_H0	=   1.740000
