DataName 	= HST_mock_925
H0  =  70.549385
sigma_H0	=   1.740000
