DataName 	= HST_mock_759
H0  =  66.990836
sigma_H0	=   1.740000
