DataName 	= HST_mock_437
H0  =  69.629016
sigma_H0	=   1.740000
