DataName 	= HST_mock_961
H0		=  69.371587
sigma_H0	=   1.740000
