DataName 	= HST_mock_698
H0  =  63.985844
sigma_H0	=   1.740000
