DataName 	= HST_mock_734
H0		=  68.458897
sigma_H0	=   1.740000
