DataName 	= HST_mock_862
H0		=  66.310831
sigma_H0	=   1.740000
