DataName 	= HST_mock_561
H0		=  64.185048
sigma_H0	=   1.740000
