DataName 	= HST_mock_642
H0  =  67.572892
sigma_H0	=   1.740000
