DataName 	= HST_mock_533
H0  =  68.011215
sigma_H0	=   1.740000
