DataName 	= HST_mock_676
H0		=  67.920790
sigma_H0	=   1.740000
