DataName 	= HST_mock_122
H0  =  69.823237
sigma_H0	=   1.740000
