DataName 	= HST_mock_901
H0  =  65.152515
sigma_H0	=   1.740000
