DataName 	= HST_mock_395
H0		=  64.546913
sigma_H0	=   1.740000
