DataName 	= HST_mock_875
H0		=  66.168670
sigma_H0	=   1.740000
