DataName 	= HST_mock_144
H0  =  64.194191
sigma_H0	=   1.740000
