DataName 	= HST_mock_459
H0  =  68.270473
sigma_H0	=   1.740000
