DataName 	= HST_mock_113
H0  =  68.271003
sigma_H0	=   1.740000
