DataName 	= HST_mock_529
H0		=  68.157422
sigma_H0	=   1.740000
