DataName 	= HST_mock_648
H0  =  68.550066
sigma_H0	=   1.740000
