DataName 	= HST_mock_511
H0		=  68.966584
sigma_H0	=   1.740000
