DataName 	= HST_mock_627
H0		=  66.929241
sigma_H0	=   1.740000
