DataName 	= HST_mock_484
H0		=  66.024879
sigma_H0	=   1.740000
