DataName 	= HST_mock_176
H0		=  66.116057
sigma_H0	=   1.740000
