DataName 	= HST_mock_40
H0		=  66.042093
sigma_H0	=   1.740000
