DataName 	= HST_mock_597
H0		=  67.529608
sigma_H0	=   1.740000
