DataName 	= HST_mock_402
H0		=  64.640364
sigma_H0	=   1.740000
