DataName 	= HST_mock_74
H0  =  67.942191
sigma_H0	=   1.740000
