DataName 	= HST_mock_40
H0  =  68.597907
sigma_H0	=   1.740000
