DataName 	= HST_mock_42
H0		=  68.750435
sigma_H0	=   1.740000
