DataName 	= HST_mock_195
H0  =  66.532153
sigma_H0	=   1.740000
