DataName 	= HST_mock_879
H0		=  70.952092
sigma_H0	=   1.740000
