DataName 	= HST_mock_508
H0		=  68.307495
sigma_H0	=   1.740000
