DataName 	= HST_mock_850
H0  =  67.621634
sigma_H0	=   1.740000
