DataName 	= HST_mock_892
H0		=  68.239916
sigma_H0	=   1.740000
