DataName 	= HST_mock_823
H0  =  67.495810
sigma_H0	=   1.740000
