DataName 	= HST_mock_392
H0  =  69.150903
sigma_H0	=   1.740000
