DataName 	= HST_mock_733
H0		=  67.636161
sigma_H0	=   1.740000
