DataName 	= HST_mock_411
H0  =  65.426397
sigma_H0	=   1.740000
