DataName 	= HST_mock_691
H0		=  66.759653
sigma_H0	=   1.740000
