DataName 	= HST_mock_112
H0  =  70.024636
sigma_H0	=   1.740000
