DataName 	= HST_mock_830
H0		=  65.417322
sigma_H0	=   1.740000
