DataName 	= HST_mock_272
H0		=  66.786428
sigma_H0	=   1.740000
