DataName 	= HST_mock_861
H0		=  69.583364
sigma_H0	=   1.740000
