DataName 	= HST_mock_740
H0  =  68.525404
sigma_H0	=   1.740000
