DataName 	= HST_mock_598
H0  =  67.224677
sigma_H0	=   1.740000
