DataName 	= HST_mock_346
H0		=  68.511653
sigma_H0	=   1.740000
