DataName 	= HST_mock_619
H0  =  65.532821
sigma_H0	=   1.740000
