DataName 	= HST_mock_511
H0  =  65.673416
sigma_H0	=   1.740000
