DataName 	= HST_mock_406
H0  =  69.511739
sigma_H0	=   1.740000
