DataName 	= HST_mock_755
H0  =  69.120459
sigma_H0	=   1.740000
