DataName 	= HST_mock_156
H0		=  66.026273
sigma_H0	=   1.740000
