DataName 	= HST_mock_571
H0  =  66.864831
sigma_H0	=   1.740000
