DataName 	= HST_mock_728
H0		=  64.338223
sigma_H0	=   1.740000
