DataName 	= HST_mock_901
H0		=  69.487485
sigma_H0	=   1.740000
