DataName 	= HST_mock_880
H0		=  63.853858
sigma_H0	=   1.740000
