DataName 	= HST_mock_295
H0  =  66.310964
sigma_H0	=   1.740000
