DataName 	= HST_mock_286
H0		=  67.217927
sigma_H0	=   1.740000
