DataName 	= HST_mock_309
H0		=  67.840435
sigma_H0	=   1.740000
