DataName 	= HST_mock_400
H0		=  68.174421
sigma_H0	=   1.740000
