DataName 	= HST_mock_739
H0		=  67.680234
sigma_H0	=   1.740000
