DataName 	= HST_mock_990
H0		=  66.719710
sigma_H0	=   1.740000
