DataName 	= HST_mock_436
H0  =  65.670922
sigma_H0	=   1.740000
