DataName 	= HST_mock_722
H0		=  66.062757
sigma_H0	=   1.740000
