DataName 	= HST_mock_851
H0  =  64.315044
sigma_H0	=   1.740000
