DataName 	= HST_mock_777
H0		=  61.531842
sigma_H0	=   1.740000
