DataName 	= HST_mock_734
H0  =  66.181103
sigma_H0	=   1.740000
