DataName 	= HST_mock_498
H0  =  69.216682
sigma_H0	=   1.740000
