DataName 	= HST_mock_383
H0  =  67.080481
sigma_H0	=   1.740000
