DataName 	= HST_mock_109
H0  =  68.406441
sigma_H0	=   1.740000
