DataName 	= HST_mock_420
H0		=  69.957953
sigma_H0	=   1.740000
