DataName 	= HST_mock_480
H0  =  66.426411
sigma_H0	=   1.740000
