DataName 	= HST_mock_106
H0		=  66.784980
sigma_H0	=   1.740000
