DataName 	= HST_mock_38
H0  =  68.933071
sigma_H0	=   1.740000
