DataName 	= HST_mock_868
H0		=  66.949757
sigma_H0	=   1.740000
