DataName 	= HST_mock_756
H0		=  67.907787
sigma_H0	=   1.740000
