DataName 	= HST_mock_378
H0  =  65.999321
sigma_H0	=   1.740000
