DataName 	= HST_mock_225
H0  =  69.785638
sigma_H0	=   1.740000
