DataName 	= HST_mock_780
H0  =  66.257272
sigma_H0	=   1.740000
