DataName 	= HST_mock_612
H0  =  66.364604
sigma_H0	=   1.740000
