DataName 	= HST_mock_672
H0		=  65.546713
sigma_H0	=   1.740000
