DataName 	= HST_mock_774
H0  =  68.500336
sigma_H0	=   1.740000
