DataName 	= HST_mock_510
H0  =  68.757557
sigma_H0	=   1.740000
