DataName 	= HST_mock_199
H0		=  67.892384
sigma_H0	=   1.740000
