DataName 	= HST_mock_214
H0  =  68.709154
sigma_H0	=   1.740000
