DataName 	= HST_mock_508
H0  =  66.332505
sigma_H0	=   1.740000
