DataName 	= HST_mock_521
H0  =  68.067410
sigma_H0	=   1.740000
