DataName 	= HST_mock_596
H0		=  67.601737
sigma_H0	=   1.740000
