DataName 	= HST_mock_230
H0  =  66.325639
sigma_H0	=   1.740000
