DataName 	= HST_mock_887
H0		=  67.404698
sigma_H0	=   1.740000
