DataName 	= HST_mock_81
H0		=  71.316979
sigma_H0	=   1.740000
