DataName 	= HST_mock_884
H0  =  72.378189
sigma_H0	=   1.740000
