DataName 	= HST_mock_863
H0  =  67.197725
sigma_H0	=   1.740000
