DataName 	= HST_mock_941
H0		=  66.113882
sigma_H0	=   1.740000
