DataName 	= HST_mock_494
H0		=  66.331146
sigma_H0	=   1.740000
