DataName 	= HST_mock_869
H0		=  69.664669
sigma_H0	=   1.740000
