DataName 	= HST_mock_736
H0  =  66.807662
sigma_H0	=   1.740000
