DataName 	= HST_mock_593
H0  =  66.465086
sigma_H0	=   1.740000
