DataName 	= HST_mock_321
H0		=  68.043521
sigma_H0	=   1.740000
