DataName 	= HST_mock_803
H0  =  70.732608
sigma_H0	=   1.740000
