DataName 	= HST_mock_487
H0  =  67.580345
sigma_H0	=   1.740000
