DataName 	= HST_mock_213
H0  =  66.334466
sigma_H0	=   1.740000
