DataName 	= HST_mock_944
H0  =  68.097029
sigma_H0	=   1.740000
