DataName 	= HST_mock_5
H0  =  72.766942
sigma_H0	=   1.740000
