DataName 	= HST_mock_551
H0		=  65.231990
sigma_H0	=   1.740000
