DataName 	= HST_mock_555
H0  =  68.053477
sigma_H0	=   1.740000
