DataName 	= HST_mock_204
H0  =  68.842088
sigma_H0	=   1.740000
