DataName 	= HST_mock_820
H0		=  68.151569
sigma_H0	=   1.740000
