DataName 	= HST_mock_420
H0  =  64.682047
sigma_H0	=   1.740000
