DataName 	= HST_mock_448
H0  =  68.639917
sigma_H0	=   1.740000
