DataName 	= HST_mock_648
H0		=  66.089934
sigma_H0	=   1.740000
