DataName 	= HST_mock_727
H0		=  64.863215
sigma_H0	=   1.740000
