DataName 	= HST_mock_104
H0  =  69.472178
sigma_H0	=   1.740000
