DataName 	= HST_mock_284
H0  =  69.286809
sigma_H0	=   1.740000
