DataName 	= HST_mock_205
H0		=  69.303987
sigma_H0	=   1.740000
