DataName 	= HST_mock_113
H0		=  66.368997
sigma_H0	=   1.740000
