DataName 	= HST_mock_23
H0		=  66.311139
sigma_H0	=   1.740000
