DataName 	= HST_mock_879
H0  =  63.687908
sigma_H0	=   1.740000
