DataName 	= HST_mock_59
H0  =  69.709652
sigma_H0	=   1.740000
