DataName 	= HST_mock_29
H0		=  68.373499
sigma_H0	=   1.740000
