DataName 	= HST_mock_966
H0  =  68.202779
sigma_H0	=   1.740000
