DataName 	= HST_mock_388
H0  =  65.081372
sigma_H0	=   1.740000
