DataName 	= HST_mock_131
H0		=  64.434153
sigma_H0	=   1.740000
