DataName 	= HST_mock_252
H0  =  65.493477
sigma_H0	=   1.740000
