DataName 	= HST_mock_905
H0  =  67.681603
sigma_H0	=   1.740000
