DataName 	= HST_mock_633
H0		=  71.127593
sigma_H0	=   1.740000
