DataName 	= HST_mock_101
H0  =  68.228524
sigma_H0	=   1.740000
