DataName 	= HST_mock_799
H0		=  67.571427
sigma_H0	=   1.740000
