DataName 	= HST_mock_864
H0		=  68.096884
sigma_H0	=   1.740000
