DataName 	= HST_mock_330
H0  =  66.454624
sigma_H0	=   1.740000
