DataName 	= HST_mock_71
H0  =  69.777333
sigma_H0	=   1.740000
