DataName 	= HST_mock_574
H0		=  68.228460
sigma_H0	=   1.740000
