DataName 	= HST_mock_603
H0		=  67.113497
sigma_H0	=   1.740000
