DataName 	= HST_mock_513
H0		=  64.712907
sigma_H0	=   1.740000
