DataName 	= HST_mock_454
H0		=  68.670823
sigma_H0	=   1.740000
