DataName 	= HST_mock_682
H0		=  66.270968
sigma_H0	=   1.740000
