DataName 	= HST_mock_931
H0  =  66.988402
sigma_H0	=   1.740000
