DataName 	= HST_mock_488
H0		=  64.514706
sigma_H0	=   1.740000
