DataName 	= HST_mock_540
H0		=  66.499157
sigma_H0	=   1.740000
