DataName 	= HST_mock_526
H0		=  68.739293
sigma_H0	=   1.740000
