DataName 	= HST_mock_289
H0		=  68.186302
sigma_H0	=   1.740000
