DataName 	= HST_mock_342
H0		=  68.145241
sigma_H0	=   1.740000
