DataName 	= HST_mock_749
H0  =  67.824419
sigma_H0	=   1.740000
