DataName 	= HST_mock_762
H0  =  68.860545
sigma_H0	=   1.740000
