DataName 	= HST_mock_242
H0		=  65.112405
sigma_H0	=   1.740000
