DataName 	= HST_mock_687
H0		=  69.046790
sigma_H0	=   1.740000
