DataName 	= HST_mock_140
H0  =  66.711066
sigma_H0	=   1.740000
