DataName 	= HST_mock_440
H0  =  66.671498
sigma_H0	=   1.740000
