DataName 	= HST_mock_78
H0		=  69.281711
sigma_H0	=   1.740000
