DataName 	= HST_mock_967
H0		=  70.057231
sigma_H0	=   1.740000
