DataName 	= HST_mock_421
H0		=  69.257551
sigma_H0	=   1.740000
