DataName 	= HST_mock_143
H0		=  69.309137
sigma_H0	=   1.740000
