DataName 	= HST_mock_50
H0  =  66.930429
sigma_H0	=   1.740000
