DataName 	= HST_mock_927
H0  =  70.561268
sigma_H0	=   1.740000
