DataName 	= HST_mock_375
H0  =  67.450730
sigma_H0	=   1.740000
