DataName 	= HST_mock_441
H0		=  66.662961
sigma_H0	=   1.740000
