DataName 	= HST_mock_918
H0		=  62.936377
sigma_H0	=   1.740000
