DataName 	= HST_mock_755
H0		=  65.519541
sigma_H0	=   1.740000
