DataName 	= HST_mock_946
H0		=  68.155109
sigma_H0	=   1.740000
