DataName 	= HST_mock_158
H0		=  66.565944
sigma_H0	=   1.740000
