DataName 	= HST_mock_923
H0		=  68.116051
sigma_H0	=   1.740000
