DataName 	= HST_mock_469
H0		=  66.394956
sigma_H0	=   1.740000
