DataName 	= HST_mock_142
H0  =  67.129485
sigma_H0	=   1.740000
