DataName 	= HST_mock_968
H0  =  70.252566
sigma_H0	=   1.740000
