DataName 	= HST_mock_307
H0  =  65.659724
sigma_H0	=   1.740000
