DataName 	= HST_mock_913
H0  =  65.538174
sigma_H0	=   1.740000
