DataName 	= HST_mock_678
H0  =  67.848134
sigma_H0	=   1.740000
