DataName 	= HST_mock_130
H0  =  69.994121
sigma_H0	=   1.740000
