DataName 	= HST_mock_344
H0		=  66.058073
sigma_H0	=   1.740000
