DataName 	= HST_mock_897
H0		=  67.613077
sigma_H0	=   1.740000
