DataName 	= HST_mock_770
H0		=  66.348432
sigma_H0	=   1.740000
