DataName 	= HST_mock_279
H0  =  68.997123
sigma_H0	=   1.740000
