DataName 	= HST_mock_408
H0		=  68.869174
sigma_H0	=   1.740000
