DataName 	= HST_mock_197
H0		=  69.258739
sigma_H0	=   1.740000
