DataName 	= HST_mock_485
H0		=  68.728833
sigma_H0	=   1.740000
