DataName 	= HST_mock_738
H0		=  67.195783
sigma_H0	=   1.740000
