DataName 	= HST_mock_878
H0		=  66.448500
sigma_H0	=   1.740000
