DataName 	= HST_mock_948
H0  =  68.542520
sigma_H0	=   1.740000
