DataName 	= HST_mock_151
H0		=  67.429343
sigma_H0	=   1.740000
