DataName 	= HST_mock_427
H0  =  69.707503
sigma_H0	=   1.740000
