DataName 	= HST_mock_212
H0		=  66.729998
sigma_H0	=   1.740000
