DataName 	= HST_mock_585
H0		=  66.531798
sigma_H0	=   1.740000
