DataName 	= HST_mock_188
H0		=  66.200072
sigma_H0	=   1.740000
