DataName 	= HST_mock_579
H0  =  65.094947
sigma_H0	=   1.740000
