DataName 	= HST_mock_347
H0		=  67.515910
sigma_H0	=   1.740000
