DataName 	= HST_mock_854
H0		=  69.948734
sigma_H0	=   1.740000
