DataName 	= HST_mock_26
H0		=  67.757414
sigma_H0	=   1.740000
