DataName 	= HST_mock_874
H0  =  68.761088
sigma_H0	=   1.740000
