DataName 	= HST_mock_428
H0  =  67.124716
sigma_H0	=   1.740000
