DataName 	= HST_mock_334
H0  =  65.991296
sigma_H0	=   1.740000
