DataName 	= HST_mock_767
H0  =  63.948352
sigma_H0	=   1.740000
