DataName 	= HST_mock_3
H0		=  69.746444
sigma_H0	=   1.740000
