DataName 	= HST_mock_180
H0  =  66.168757
sigma_H0	=   1.740000
