DataName 	= HST_mock_675
H0		=  64.804838
sigma_H0	=   1.740000
