DataName 	= HST_mock_856
H0		=  63.809949
sigma_H0	=   1.740000
