DataName 	= HST_mock_356
H0  =  65.833863
sigma_H0	=   1.740000
