DataName 	= HST_mock_616
H0		=  68.334424
sigma_H0	=   1.740000
