DataName 	= HST_mock_841
H0  =  66.266936
sigma_H0	=   1.740000
