DataName 	= HST_mock_230
H0		=  68.314361
sigma_H0	=   1.740000
