DataName 	= HST_mock_740
H0		=  66.114596
sigma_H0	=   1.740000
