DataName 	= HST_mock_199
H0  =  66.747616
sigma_H0	=   1.740000
