DataName 	= HST_mock_95
H0		=  70.971300
sigma_H0	=   1.740000
