DataName 	= HST_mock_294
H0		=  68.362458
sigma_H0	=   1.740000
