DataName 	= HST_mock_224
H0  =  65.239623
sigma_H0	=   1.740000
