DataName 	= HST_mock_265
H0  =  64.759488
sigma_H0	=   1.740000
