DataName 	= HST_mock_453
H0  =  64.738542
sigma_H0	=   1.740000
