DataName 	= HST_mock_814
H0  =  69.305860
sigma_H0	=   1.740000
