DataName 	= HST_mock_757
H0		=  66.481321
sigma_H0	=   1.740000
