DataName 	= HST_mock_70
H0		=  66.251416
sigma_H0	=   1.740000
