DataName 	= HST_mock_320
H0		=  68.558842
sigma_H0	=   1.740000
