DataName 	= HST_mock_875
H0  =  68.471330
sigma_H0	=   1.740000
