DataName 	= HST_mock_300
H0		=  67.965273
sigma_H0	=   1.740000
