DataName 	= HST_mock_591
H0  =  68.004878
sigma_H0	=   1.740000
