DataName 	= HST_mock_169
H0		=  69.460537
sigma_H0	=   1.740000
