DataName 	= HST_mock_224
H0		=  69.400377
sigma_H0	=   1.740000
