DataName 	= HST_mock_857
H0		=  69.306308
sigma_H0	=   1.740000
