DataName 	= HST_mock_358
H0  =  69.404942
sigma_H0	=   1.740000
