DataName 	= HST_mock_898
H0		=  71.589461
sigma_H0	=   1.740000
