DataName 	= HST_mock_269
H0		=  68.339528
sigma_H0	=   1.740000
