DataName 	= HST_mock_367
H0  =  69.511195
sigma_H0	=   1.740000
