DataName 	= HST_mock_33
H0		=  68.335562
sigma_H0	=   1.740000
