DataName 	= HST_mock_204
H0		=  65.797912
sigma_H0	=   1.740000
