DataName 	= HST_mock_226
H0		=  66.298441
sigma_H0	=   1.740000
