DataName 	= HST_mock_32
H0  =  67.097935
sigma_H0	=   1.740000
