DataName 	= HST_mock_724
H0		=  68.535117
sigma_H0	=   1.740000
