DataName 	= HST_mock_434
H0		=  67.683643
sigma_H0	=   1.740000
