DataName 	= HST_mock_894
H0		=  65.658412
sigma_H0	=   1.740000
