DataName 	= HST_mock_261
H0  =  67.301288
sigma_H0	=   1.740000
