DataName 	= HST_mock_750
H0  =  66.726708
sigma_H0	=   1.740000
