DataName 	= HST_mock_398
H0		=  66.734916
sigma_H0	=   1.740000
