DataName 	= HST_mock_310
H0  =  67.008555
sigma_H0	=   1.740000
