DataName 	= HST_mock_795
H0  =  66.840208
sigma_H0	=   1.740000
