DataName 	= HST_mock_837
H0  =  65.695081
sigma_H0	=   1.740000
