DataName 	= HST_mock_831
H0		=  67.809580
sigma_H0	=   1.740000
