DataName 	= HST_mock_801
H0  =  66.619309
sigma_H0	=   1.740000
