DataName 	= HST_mock_276
H0  =  66.026052
sigma_H0	=   1.740000
