DataName 	= HST_mock_148
H0  =  68.692302
sigma_H0	=   1.740000
