DataName 	= HST_mock_401
H0  =  68.962539
sigma_H0	=   1.740000
