DataName 	= HST_mock_614
H0  =  69.226875
sigma_H0	=   1.740000
