DataName 	= HST_mock_209
H0  =  69.663925
sigma_H0	=   1.740000
