DataName 	= HST_mock_891
H0		=  67.657399
sigma_H0	=   1.740000
