DataName 	= HST_mock_192
H0		=  67.748776
sigma_H0	=   1.740000
