DataName 	= HST_mock_955
H0		=  67.079184
sigma_H0	=   1.740000
