DataName 	= HST_mock_396
H0  =  63.551826
sigma_H0	=   1.740000
