DataName 	= HST_mock_902
H0		=  65.568412
sigma_H0	=   1.740000
