DataName 	= HST_mock_917
H0  =  68.041830
sigma_H0	=   1.740000
