DataName 	= HST_mock_232
H0  =  67.853010
sigma_H0	=   1.740000
