DataName 	= HST_mock_949
H0		=  69.790671
sigma_H0	=   1.740000
