DataName 	= HST_mock_930
H0		=  66.817847
sigma_H0	=   1.740000
