DataName 	= HST_mock_147
H0		=  66.887122
sigma_H0	=   1.740000
