DataName 	= HST_mock_18
H0		=  66.606233
sigma_H0	=   1.740000
