DataName 	= HST_mock_815
H0  =  68.404353
sigma_H0	=   1.740000
