DataName 	= HST_mock_166
H0		=  67.142017
sigma_H0	=   1.740000
