DataName 	= HST_mock_771
H0		=  69.816350
sigma_H0	=   1.740000
