DataName 	= HST_mock_407
H0  =  68.636297
sigma_H0	=   1.740000
