DataName 	= HST_mock_883
H0  =  68.339909
sigma_H0	=   1.740000
