DataName 	= HST_mock_471
H0  =  67.893812
sigma_H0	=   1.740000
