DataName 	= HST_mock_836
H0  =  66.497659
sigma_H0	=   1.740000
