DataName 	= HST_mock_802
H0		=  70.085781
sigma_H0	=   1.740000
