DataName 	= HST_mock_154
H0  =  67.751846
sigma_H0	=   1.740000
