DataName 	= HST_mock_530
H0		=  68.112133
sigma_H0	=   1.740000
