DataName 	= HST_mock_67
H0		=  68.007717
sigma_H0	=   1.740000
