DataName 	= HST_mock_942
H0  =  70.297638
sigma_H0	=   1.740000
