DataName 	= HST_mock_597
H0  =  67.110392
sigma_H0	=   1.740000
