DataName 	= HST_mock_56
H0  =  65.978896
sigma_H0	=   1.740000
