DataName 	= HST_mock_168
H0		=  65.128121
sigma_H0	=   1.740000
