DataName 	= HST_mock_454
H0  =  65.969177
sigma_H0	=   1.740000
