DataName 	= HST_mock_163
H0		=  64.485447
sigma_H0	=   1.740000
