DataName 	= HST_mock_610
H0		=  66.089850
sigma_H0	=   1.740000
