DataName 	= HST_mock_263
H0		=  68.576106
sigma_H0	=   1.740000
