DataName 	= HST_mock_235
H0  =  66.556461
sigma_H0	=   1.740000
