DataName 	= HST_mock_424
H0  =  65.438392
sigma_H0	=   1.740000
