DataName 	= HST_mock_925
H0		=  64.090615
sigma_H0	=   1.740000
