DataName 	= HST_mock_732
H0		=  67.114538
sigma_H0	=   1.740000
