DataName 	= HST_mock_518
H0		=  70.022982
sigma_H0	=   1.740000
