DataName 	= HST_mock_32
H0		=  67.542065
sigma_H0	=   1.740000
