DataName 	= HST_mock_841
H0		=  68.373064
sigma_H0	=   1.740000
