DataName 	= HST_mock_319
H0  =  66.743658
sigma_H0	=   1.740000
