DataName 	= HST_mock_58
H0  =  64.031531
sigma_H0	=   1.740000
