DataName 	= HST_mock_915
H0  =  67.004758
sigma_H0	=   1.740000
