DataName 	= HST_mock_468
H0		=  66.754181
sigma_H0	=   1.740000
