DataName 	= HST_mock_805
H0		=  68.431392
sigma_H0	=   1.740000
