DataName 	= HST_mock_408
H0  =  65.770826
sigma_H0	=   1.740000
