DataName 	= HST_mock_847
H0  =  65.708444
sigma_H0	=   1.740000
