DataName 	= HST_mock_205
H0  =  65.336013
sigma_H0	=   1.740000
