DataName 	= HST_mock_898
H0  =  63.050539
sigma_H0	=   1.740000
