DataName 	= HST_mock_752
H0		=  66.410679
sigma_H0	=   1.740000
