DataName 	= HST_mock_584
H0  =  66.547875
sigma_H0	=   1.740000
