DataName 	= HST_mock_189
H0		=  64.440925
sigma_H0	=   1.740000
