DataName 	= HST_mock_999
H0  =  66.709657
sigma_H0	=   1.740000
