DataName 	= HST_mock_807
H0  =  64.238343
sigma_H0	=   1.740000
