DataName 	= HST_mock_754
H0		=  68.698819
sigma_H0	=   1.740000
