DataName 	= HST_mock_341
H0		=  71.122067
sigma_H0	=   1.740000
