DataName 	= HST_mock_145
H0		=  66.198017
sigma_H0	=   1.740000
