DataName 	= HST_mock_404
H0		=  67.115111
sigma_H0	=   1.740000
