DataName 	= HST_mock_699
H0		=  67.429129
sigma_H0	=   1.740000
