DataName 	= HST_mock_828
H0		=  65.152145
sigma_H0	=   1.740000
