DataName 	= HST_mock_409
H0  =  67.811783
sigma_H0	=   1.740000
