DataName 	= HST_mock_21
H0		=  69.951956
sigma_H0	=   1.740000
