DataName 	= HST_mock_482
H0  =  68.470004
sigma_H0	=   1.740000
