DataName 	= HST_mock_96
H0  =  65.170009
sigma_H0	=   1.740000
