DataName 	= HST_mock_809
H0  =  68.657531
sigma_H0	=   1.740000
