DataName 	= HST_mock_15
H0  =  69.671727
sigma_H0	=   1.740000
