DataName 	= HST_mock_800
H0  =  70.953854
sigma_H0	=   1.740000
