DataName 	= HST_mock_58
H0		=  70.608469
sigma_H0	=   1.740000
