DataName 	= HST_mock_995
H0  =  68.163879
sigma_H0	=   1.740000
