DataName 	= HST_mock_514
H0		=  68.348249
sigma_H0	=   1.740000
