DataName 	= HST_mock_266
H0  =  69.211962
sigma_H0	=   1.740000
