DataName 	= HST_mock_798
H0		=  69.162968
sigma_H0	=   1.740000
