DataName 	= HST_mock_871
H0  =  70.386601
sigma_H0	=   1.740000
