DataName 	= HST_mock_489
H0		=  68.547856
sigma_H0	=   1.740000
