DataName 	= HST_mock_109
H0		=  66.233559
sigma_H0	=   1.740000
