DataName 	= HST_mock_927
H0		=  64.078732
sigma_H0	=   1.740000
