DataName 	= HST_mock_107
H0  =  66.714202
sigma_H0	=   1.740000
