DataName 	= HST_mock_545
H0		=  65.778876
sigma_H0	=   1.740000
