DataName 	= HST_mock_763
H0  =  66.469824
sigma_H0	=   1.740000
