DataName 	= HST_mock_870
H0		=  68.351551
sigma_H0	=   1.740000
