DataName 	= HST_mock_296
H0		=  67.567453
sigma_H0	=   1.740000
