DataName 	= HST_mock_415
H0		=  66.036227
sigma_H0	=   1.740000
