DataName 	= HST_mock_729
H0		=  69.511865
sigma_H0	=   1.740000
