DataName 	= HST_mock_739
H0  =  66.959766
sigma_H0	=   1.740000
