DataName 	= HST_mock_575
H0		=  69.289196
sigma_H0	=   1.740000
