DataName 	= HST_mock_451
H0		=  69.084052
sigma_H0	=   1.740000
