DataName 	= HST_mock_521
H0		=  66.572590
sigma_H0	=   1.740000
