DataName 	= HST_mock_141
H0  =  68.346248
sigma_H0	=   1.740000
