DataName 	= HST_mock_388
H0		=  69.558628
sigma_H0	=   1.740000
