DataName 	= HST_mock_943
H0		=  67.242691
sigma_H0	=   1.740000
