DataName 	= HST_mock_643
H0		=  67.743467
sigma_H0	=   1.740000
