DataName 	= HST_mock_714
H0		=  66.101371
sigma_H0	=   1.740000
