DataName 	= HST_mock_194
H0		=  66.570358
sigma_H0	=   1.740000
