DataName 	= HST_mock_396
H0		=  71.088174
sigma_H0	=   1.740000
