DataName 	= HST_mock_359
H0  =  67.778374
sigma_H0	=   1.740000
