DataName 	= HST_mock_436
H0		=  68.969078
sigma_H0	=   1.740000
