DataName 	= HST_mock_529
H0  =  66.482578
sigma_H0	=   1.740000
