DataName 	= HST_mock_624
H0  =  67.773169
sigma_H0	=   1.740000
