DataName 	= HST_mock_923
H0  =  66.523949
sigma_H0	=   1.740000
