DataName 	= HST_mock_367
H0		=  65.128805
sigma_H0	=   1.740000
