DataName 	= HST_mock_84
H0		=  65.360442
sigma_H0	=   1.740000
