DataName 	= HST_mock_463
H0		=  66.378242
sigma_H0	=   1.740000
