DataName 	= HST_mock_519
H0  =  67.890942
sigma_H0	=   1.740000
