DataName 	= HST_mock_317
H0		=  67.887186
sigma_H0	=   1.740000
