DataName 	= HST_mock_415
H0  =  68.603773
sigma_H0	=   1.740000
