DataName 	= HST_mock_405
H0  =  68.137354
sigma_H0	=   1.740000
