DataName 	= HST_mock_151
H0  =  67.210657
sigma_H0	=   1.740000
