DataName 	= HST_mock_715
H0		=  65.168986
sigma_H0	=   1.740000
