DataName 	= HST_mock_80
H0  =  67.572008
sigma_H0	=   1.740000
