DataName 	= HST_mock_826
H0  =  69.603090
sigma_H0	=   1.740000
