DataName 	= HST_mock_167
H0  =  62.115536
sigma_H0	=   1.740000
