DataName 	= HST_mock_712
H0  =  64.876344
sigma_H0	=   1.740000
