DataName 	= HST_mock_963
H0  =  69.964715
sigma_H0	=   1.740000
