DataName 	= HST_mock_289
H0  =  66.453698
sigma_H0	=   1.740000
