DataName 	= HST_mock_187
H0  =  66.544644
sigma_H0	=   1.740000
