DataName 	= HST_mock_784
H0		=  65.750961
sigma_H0	=   1.740000
