DataName 	= HST_mock_746
H0		=  69.487703
sigma_H0	=   1.740000
