DataName 	= HST_mock_31
H0		=  65.336674
sigma_H0	=   1.740000
