DataName 	= HST_mock_417
H0		=  66.095928
sigma_H0	=   1.740000
