DataName 	= HST_mock_26
H0  =  66.882586
sigma_H0	=   1.740000
