DataName 	= HST_mock_689
H0  =  67.732388
sigma_H0	=   1.740000
