DataName 	= HST_mock_355
H0  =  65.361179
sigma_H0	=   1.740000
