DataName 	= HST_mock_25
H0  =  68.511436
sigma_H0	=   1.740000
