DataName 	= HST_mock_839
H0  =  66.081126
sigma_H0	=   1.740000
