DataName 	= HST_mock_954
H0		=  64.607117
sigma_H0	=   1.740000
