DataName 	= HST_mock_21
H0  =  64.688044
sigma_H0	=   1.740000
