DataName 	= HST_mock_53
H0  =  67.339517
sigma_H0	=   1.740000
