DataName 	= HST_mock_769
H0		=  65.641423
sigma_H0	=   1.740000
