DataName 	= HST_mock_223
H0		=  68.049678
sigma_H0	=   1.740000
