DataName 	= HST_mock_387
H0  =  68.802341
sigma_H0	=   1.740000
