DataName 	= HST_mock_493
H0		=  65.322493
sigma_H0	=   1.740000
