DataName 	= HST_mock_44
H0  =  68.763101
sigma_H0	=   1.740000
