DataName 	= HST_mock_118
H0  =  65.289354
sigma_H0	=   1.740000
