DataName 	= HST_mock_783
H0  =  66.878463
sigma_H0	=   1.740000
