DataName 	= HST_mock_970
H0  =  70.851444
sigma_H0	=   1.740000
