DataName 	= HST_mock_197
H0  =  65.381261
sigma_H0	=   1.740000
