DataName 	= HST_mock_558
H0		=  66.454847
sigma_H0	=   1.740000
