DataName 	= HST_mock_663
H0		=  65.542573
sigma_H0	=   1.740000
