DataName 	= HST_mock_896
H0  =  67.739332
sigma_H0	=   1.740000
