DataName 	= HST_mock_465
H0		=  64.643574
sigma_H0	=   1.740000
