DataName 	= HST_mock_257
H0		=  64.696547
sigma_H0	=   1.740000
