DataName 	= HST_mock_618
H0		=  67.135168
sigma_H0	=   1.740000
