DataName 	= HST_mock_78
H0  =  65.358289
sigma_H0	=   1.740000
