DataName 	= HST_mock_154
H0		=  66.888154
sigma_H0	=   1.740000
