DataName 	= HST_mock_115
H0  =  67.348520
sigma_H0	=   1.740000
