DataName 	= HST_mock_337
H0		=  68.695589
sigma_H0	=   1.740000
