DataName 	= HST_mock_366
H0		=  67.445743
sigma_H0	=   1.740000
