DataName 	= HST_mock_799
H0  =  67.068573
sigma_H0	=   1.740000
