DataName 	= HST_mock_133
H0  =  67.646742
sigma_H0	=   1.740000
