DataName 	= HST_mock_165
H0  =  68.093953
sigma_H0	=   1.740000
