DataName 	= HST_mock_639
H0  =  67.451110
sigma_H0	=   1.740000
