DataName 	= HST_mock_59
H0		=  64.930348
sigma_H0	=   1.740000
