DataName 	= HST_mock_988
H0		=  70.299459
sigma_H0	=   1.740000
