DataName 	= HST_mock_8
H0		=  68.570416
sigma_H0	=   1.740000
