DataName 	= HST_mock_620
H0  =  68.244871
sigma_H0	=   1.740000
