DataName 	= HST_mock_382
H0		=  64.380479
sigma_H0	=   1.740000
