DataName 	= HST_mock_532
H0		=  67.762324
sigma_H0	=   1.740000
