DataName 	= HST_mock_523
H0  =  68.297144
sigma_H0	=   1.740000
