DataName 	= HST_mock_528
H0  =  68.215695
sigma_H0	=   1.740000
