DataName 	= HST_mock_708
H0		=  67.510496
sigma_H0	=   1.740000
