DataName 	= HST_mock_765
H0  =  68.905347
sigma_H0	=   1.740000
