DataName 	= HST_mock_112
H0		=  64.615364
sigma_H0	=   1.740000
