DataName 	= HST_mock_831
H0  =  66.830420
sigma_H0	=   1.740000
