DataName 	= HST_mock_687
H0  =  65.593210
sigma_H0	=   1.740000
