DataName 	= HST_mock_282
H0  =  67.478827
sigma_H0	=   1.740000
