DataName 	= HST_mock_174
H0  =  69.534657
sigma_H0	=   1.740000
