DataName 	= HST_mock_491
H0		=  64.207910
sigma_H0	=   1.740000
