DataName 	= HST_mock_139
H0  =  65.293549
sigma_H0	=   1.740000
