DataName 	= HST_mock_471
H0		=  66.746188
sigma_H0	=   1.740000
