DataName 	= HST_mock_563
H0		=  64.214026
sigma_H0	=   1.740000
