DataName 	= HST_mock_957
H0		=  68.695927
sigma_H0	=   1.740000
