DataName 	= HST_mock_599
H0		=  67.779283
sigma_H0	=   1.740000
