DataName 	= HST_mock_588
H0  =  65.146538
sigma_H0	=   1.740000
