DataName 	= HST_mock_981
H0  =  65.827756
sigma_H0	=   1.740000
