DataName 	= HST_mock_754
H0  =  65.941181
sigma_H0	=   1.740000
