DataName 	= HST_mock_331
H0		=  69.307581
sigma_H0	=   1.740000
