DataName 	= HST_mock_89
H0  =  66.492965
sigma_H0	=   1.740000
