DataName 	= HST_mock_16
H0		=  67.157549
sigma_H0	=   1.740000
