DataName 	= HST_mock_934
H0  =  70.179249
sigma_H0	=   1.740000
