DataName 	= HST_mock_936
H0  =  67.313345
sigma_H0	=   1.740000
