DataName 	= HST_mock_407
H0		=  66.003703
sigma_H0	=   1.740000
