DataName 	= HST_mock_976
H0  =  65.863651
sigma_H0	=   1.740000
