DataName 	= HST_mock_794
H0		=  67.738462
sigma_H0	=   1.740000
