DataName 	= HST_mock_767
H0		=  70.691648
sigma_H0	=   1.740000
