DataName 	= HST_mock_748
H0  =  67.002469
sigma_H0	=   1.740000
