DataName 	= HST_mock_920
H0  =  66.938680
sigma_H0	=   1.740000
