DataName 	= HST_mock_660
H0  =  66.844742
sigma_H0	=   1.740000
