DataName 	= HST_mock_157
H0  =  68.873472
sigma_H0	=   1.740000
