DataName 	= HST_mock_791
H0  =  69.692128
sigma_H0	=   1.740000
