DataName 	= HST_mock_232
H0		=  66.786990
sigma_H0	=   1.740000
