DataName 	= HST_mock_777
H0  =  73.108158
sigma_H0	=   1.740000
