DataName 	= HST_mock_573
H0		=  68.218440
sigma_H0	=   1.740000
