DataName 	= HST_mock_6
H0		=  63.143457
sigma_H0	=   1.740000
