DataName 	= HST_mock_913
H0		=  69.101826
sigma_H0	=   1.740000
