DataName 	= HST_mock_661
H0  =  69.249339
sigma_H0	=   1.740000
