DataName 	= HST_mock_584
H0		=  68.092125
sigma_H0	=   1.740000
