DataName 	= HST_mock_887
H0  =  67.235302
sigma_H0	=   1.740000
