DataName 	= HST_mock_315
H0  =  66.636674
sigma_H0	=   1.740000
