DataName 	= HST_mock_595
H0		=  65.155812
sigma_H0	=   1.740000
