DataName 	= HST_mock_885
H0  =  66.814779
sigma_H0	=   1.740000
