DataName 	= HST_mock_969
H0  =  67.798585
sigma_H0	=   1.740000
