DataName 	= HST_mock_720
H0  =  65.700514
sigma_H0	=   1.740000
