DataName 	= HST_mock_812
H0		=  65.268609
sigma_H0	=   1.740000
