DataName 	= HST_mock_813
H0  =  70.588931
sigma_H0	=   1.740000
