DataName 	= HST_mock_287
H0  =  67.660038
sigma_H0	=   1.740000
