DataName 	= HST_mock_202
H0		=  70.976442
sigma_H0	=   1.740000
