DataName 	= HST_mock_343
H0  =  69.106416
sigma_H0	=   1.740000
