DataName 	= HST_mock_922
H0		=  67.409929
sigma_H0	=   1.740000
