DataName 	= HST_mock_947
H0		=  67.840579
sigma_H0	=   1.740000
