DataName 	= HST_mock_787
H0  =  69.569620
sigma_H0	=   1.740000
