DataName 	= HST_mock_283
H0  =  65.452525
sigma_H0	=   1.740000
