DataName 	= HST_mock_371
H0  =  65.548908
sigma_H0	=   1.740000
