DataName 	= HST_mock_369
H0		=  66.832741
sigma_H0	=   1.740000
