DataName 	= HST_mock_881
H0  =  67.955648
sigma_H0	=   1.740000
