DataName 	= HST_mock_259
H0  =  68.323857
sigma_H0	=   1.740000
