DataName 	= HST_mock_933
H0		=  67.105258
sigma_H0	=   1.740000
