DataName 	= HST_mock_632
H0  =  70.408567
sigma_H0	=   1.740000
