DataName 	= HST_mock_73
H0  =  68.027028
sigma_H0	=   1.740000
