DataName 	= HST_mock_500
H0  =  68.899071
sigma_H0	=   1.740000
