DataName 	= HST_mock_636
H0		=  67.138174
sigma_H0	=   1.740000
