DataName 	= HST_mock_657
H0  =  69.353374
sigma_H0	=   1.740000
