DataName 	= HST_mock_121
H0		=  65.521626
sigma_H0	=   1.740000
