DataName 	= HST_mock_601
H0  =  67.778640
sigma_H0	=   1.740000
