DataName 	= HST_mock_451
H0  =  65.555948
sigma_H0	=   1.740000
