DataName 	= HST_mock_779
H0		=  64.170629
sigma_H0	=   1.740000
