DataName 	= HST_mock_1
H0  =  68.428493
sigma_H0	=   1.740000
