DataName 	= HST_mock_341
H0  =  63.517933
sigma_H0	=   1.740000
