DataName 	= HST_mock_504
H0  =  65.600168
sigma_H0	=   1.740000
