DataName 	= HST_mock_414
H0		=  68.775453
sigma_H0	=   1.740000
