DataName 	= HST_mock_781
H0		=  66.786676
sigma_H0	=   1.740000
