DataName 	= HST_mock_338
H0		=  69.318715
sigma_H0	=   1.740000
