DataName 	= HST_mock_744
H0		=  66.538816
sigma_H0	=   1.740000
