DataName 	= HST_mock_574
H0  =  66.411540
sigma_H0	=   1.740000
