DataName 	= HST_mock_143
H0  =  65.330863
sigma_H0	=   1.740000
