DataName 	= HST_mock_806
H0  =  66.161050
sigma_H0	=   1.740000
