DataName 	= HST_mock_656
H0  =  68.306068
sigma_H0	=   1.740000
