DataName 	= HST_mock_907
H0		=  68.103579
sigma_H0	=   1.740000
