DataName 	= HST_mock_960
H0  =  66.653830
sigma_H0	=   1.740000
