DataName 	= HST_mock_381
H0  =  67.942905
sigma_H0	=   1.740000
