DataName 	= HST_mock_302
H0		=  67.036152
sigma_H0	=   1.740000
