DataName 	= HST_mock_594
H0		=  68.127831
sigma_H0	=   1.740000
