DataName 	= HST_mock_365
H0  =  68.292517
sigma_H0	=   1.740000
