DataName 	= HST_mock_505
H0		=  67.681334
sigma_H0	=   1.740000
