DataName 	= HST_mock_522
H0  =  65.686311
sigma_H0	=   1.740000
