DataName 	= HST_mock_916
H0		=  68.896952
sigma_H0	=   1.740000
