DataName 	= HST_mock_531
H0  =  65.482363
sigma_H0	=   1.740000
