DataName 	= HST_mock_677
H0		=  67.653155
sigma_H0	=   1.740000
