DataName 	= HST_mock_438
H0		=  69.266466
sigma_H0	=   1.740000
