DataName 	= HST_mock_772
H0		=  66.928667
sigma_H0	=   1.740000
