DataName 	= HST_mock_80
H0		=  67.067992
sigma_H0	=   1.740000
