DataName 	= HST_mock_658
H0		=  66.797446
sigma_H0	=   1.740000
