DataName 	= HST_mock_30
H0  =  66.835701
sigma_H0	=   1.740000
