DataName 	= HST_mock_218
H0		=  66.547879
sigma_H0	=   1.740000
