DataName 	= HST_mock_921
H0  =  67.763340
sigma_H0	=   1.740000
