DataName 	= HST_mock_857
H0  =  65.333692
sigma_H0	=   1.740000
