DataName 	= HST_mock_860
H0  =  68.014979
sigma_H0	=   1.740000
