DataName 	= HST_mock_382
H0  =  70.259521
sigma_H0	=   1.740000
