DataName 	= HST_mock_136
H0  =  67.651118
sigma_H0	=   1.740000
