DataName 	= HST_mock_207
H0  =  69.361357
sigma_H0	=   1.740000
