DataName 	= HST_mock_424
H0		=  69.201608
sigma_H0	=   1.740000
