DataName 	= HST_mock_12
H0  =  65.901715
sigma_H0	=   1.740000
