DataName 	= HST_mock_429
H0		=  68.804021
sigma_H0	=   1.740000
