DataName 	= HST_mock_283
H0		=  69.187475
sigma_H0	=   1.740000
