DataName 	= HST_mock_724
H0  =  66.104883
sigma_H0	=   1.740000
