DataName 	= HST_mock_321
H0  =  66.596479
sigma_H0	=   1.740000
