DataName 	= HST_mock_297
H0  =  66.366916
sigma_H0	=   1.740000
