DataName 	= HST_mock_659
H0  =  68.292926
sigma_H0	=   1.740000
