DataName 	= HST_mock_345
H0  =  66.391134
sigma_H0	=   1.740000
