DataName 	= HST_mock_666
H0		=  66.207492
sigma_H0	=   1.740000
