DataName 	= HST_mock_566
H0  =  66.105465
sigma_H0	=   1.740000
