DataName 	= HST_mock_98
H0  =  65.281738
sigma_H0	=   1.740000
