DataName 	= HST_mock_775
H0  =  65.853348
sigma_H0	=   1.740000
