DataName 	= HST_mock_176
H0  =  68.523943
sigma_H0	=   1.740000
