DataName 	= HST_mock_681
H0  =  68.526114
sigma_H0	=   1.740000
