DataName 	= HST_mock_836
H0		=  68.142341
sigma_H0	=   1.740000
