DataName 	= HST_mock_179
H0  =  64.465782
sigma_H0	=   1.740000
