DataName 	= HST_mock_527
H0		=  69.157200
sigma_H0	=   1.740000
