DataName 	= HST_mock_703
H0  =  68.343966
sigma_H0	=   1.740000
