DataName 	= HST_mock_423
H0  =  65.010229
sigma_H0	=   1.740000
