DataName 	= HST_mock_757
H0  =  68.158679
sigma_H0	=   1.740000
