DataName 	= HST_mock_615
H0  =  68.056383
sigma_H0	=   1.740000
