DataName 	= HST_mock_421
H0  =  65.382449
sigma_H0	=   1.740000
