DataName 	= HST_mock_689
H0		=  66.907612
sigma_H0	=   1.740000
