DataName 	= HST_mock_844
H0  =  67.574245
sigma_H0	=   1.740000
