DataName 	= HST_mock_2
H0		=  64.206320
sigma_H0	=   1.740000
