DataName 	= HST_mock_13
H0		=  64.000007
sigma_H0	=   1.740000
