DataName 	= HST_mock_527
H0  =  65.482800
sigma_H0	=   1.740000
