DataName 	= HST_mock_29
H0  =  66.266501
sigma_H0	=   1.740000
