DataName 	= HST_mock_975
H0  =  69.346856
sigma_H0	=   1.740000
