DataName 	= HST_mock_569
H0		=  66.111646
sigma_H0	=   1.740000
