DataName 	= HST_mock_921
H0		=  66.876660
sigma_H0	=   1.740000
