DataName 	= HST_mock_612
H0		=  68.275396
sigma_H0	=   1.740000
