DataName 	= HST_mock_107
H0		=  67.925798
sigma_H0	=   1.740000
