DataName 	= HST_mock_476
H0		=  67.427585
sigma_H0	=   1.740000
