DataName 	= HST_mock_556
H0  =  68.953320
sigma_H0	=   1.740000
