DataName 	= HST_mock_911
H0  =  68.900176
sigma_H0	=   1.740000
