DataName 	= HST_mock_461
H0  =  66.165580
sigma_H0	=   1.740000
