DataName 	= HST_mock_470
H0  =  69.498820
sigma_H0	=   1.740000
