DataName 	= HST_mock_537
H0  =  66.554506
sigma_H0	=   1.740000
