DataName 	= HST_mock_842
H0  =  67.607931
sigma_H0	=   1.740000
