DataName 	= HST_mock_244
H0		=  68.914843
sigma_H0	=   1.740000
