DataName 	= HST_mock_277
H0  =  64.596682
sigma_H0	=   1.740000
