DataName 	= HST_mock_357
H0		=  66.605559
sigma_H0	=   1.740000
