DataName 	= HST_mock_631
H0  =  65.849458
sigma_H0	=   1.740000
