DataName 	= HST_mock_805
H0  =  66.208608
sigma_H0	=   1.740000
