DataName 	= HST_mock_994
H0  =  66.799700
sigma_H0	=   1.740000
