DataName 	= HST_mock_607
H0  =  68.724405
sigma_H0	=   1.740000
