DataName 	= HST_mock_316
H0  =  65.696756
sigma_H0	=   1.740000
