DataName 	= HST_mock_513
H0  =  69.927093
sigma_H0	=   1.740000
