DataName 	= HST_mock_723
H0		=  68.538564
sigma_H0	=   1.740000
