DataName 	= HST_mock_278
H0  =  68.411699
sigma_H0	=   1.740000
