DataName 	= HST_mock_119
H0  =  71.686018
sigma_H0	=   1.740000
