DataName 	= HST_mock_333
H0		=  67.146764
sigma_H0	=   1.740000
