DataName 	= HST_mock_866
H0  =  65.181184
sigma_H0	=   1.740000
