DataName 	= HST_mock_103
H0  =  65.994413
sigma_H0	=   1.740000
