DataName 	= HST_mock_413
H0		=  67.158392
sigma_H0	=   1.740000
