DataName 	= HST_mock_5
H0		=  61.873058
sigma_H0	=   1.740000
