DataName 	= HST_mock_369
H0  =  67.807259
sigma_H0	=   1.740000
