DataName 	= HST_mock_442
H0  =  67.829538
sigma_H0	=   1.740000
