DataName 	= HST_mock_860
H0		=  66.625021
sigma_H0	=   1.740000
