DataName 	= HST_mock_684
H0  =  66.146014
sigma_H0	=   1.740000
