DataName 	= HST_mock_362
H0		=  68.818815
sigma_H0	=   1.740000
