DataName 	= HST_mock_858
H0  =  66.646473
sigma_H0	=   1.740000
