DataName 	= HST_mock_152
H0		=  67.898434
sigma_H0	=   1.740000
