DataName 	= HST_mock_458
H0  =  68.679043
sigma_H0	=   1.740000
