DataName 	= HST_mock_776
H0		=  70.745626
sigma_H0	=   1.740000
