DataName 	= HST_mock_632
H0		=  64.231433
sigma_H0	=   1.740000
