DataName 	= HST_mock_598
H0		=  67.415323
sigma_H0	=   1.740000
