DataName 	= HST_mock_811
H0		=  67.645359
sigma_H0	=   1.740000
