DataName 	= HST_mock_17
H0		=  65.789539
sigma_H0	=   1.740000
