DataName 	= HST_mock_768
H0		=  65.845220
sigma_H0	=   1.740000
