DataName 	= HST_mock_65
H0  =  65.846871
sigma_H0	=   1.740000
