DataName 	= HST_mock_203
H0		=  63.519984
sigma_H0	=   1.740000
