DataName 	= HST_mock_880
H0  =  70.786142
sigma_H0	=   1.740000
