DataName 	= HST_mock_390
H0  =  69.351292
sigma_H0	=   1.740000
