DataName 	= HST_mock_780
H0		=  68.382728
sigma_H0	=   1.740000
