DataName 	= HST_mock_254
H0		=  66.993027
sigma_H0	=   1.740000
