DataName 	= HST_mock_625
H0		=  66.336412
sigma_H0	=   1.740000
