DataName 	= HST_mock_822
H0		=  64.698786
sigma_H0	=   1.740000
