DataName 	= HST_mock_85
H0  =  65.507885
sigma_H0	=   1.740000
