DataName 	= HST_mock_422
H0  =  66.495504
sigma_H0	=   1.740000
