DataName 	= HST_mock_245
H0		=  69.079105
sigma_H0	=   1.740000
