DataName 	= HST_mock_47
H0		=  66.658990
sigma_H0	=   1.740000
