DataName 	= HST_mock_20
H0  =  67.013023
sigma_H0	=   1.740000
