DataName 	= HST_mock_126
H0		=  65.907615
sigma_H0	=   1.740000
