DataName 	= HST_mock_48
H0		=  67.481728
sigma_H0	=   1.740000
