DataName 	= HST_mock_600
H0		=  68.079214
sigma_H0	=   1.740000
