DataName 	= HST_mock_576
H0		=  68.589483
sigma_H0	=   1.740000
