DataName 	= HST_mock_273
H0		=  64.107015
sigma_H0	=   1.740000
