DataName 	= HST_mock_67
H0  =  66.632283
sigma_H0	=   1.740000
