DataName 	= HST_mock_46
H0  =  65.581506
sigma_H0	=   1.740000
