DataName 	= HST_mock_996
H0		=  68.554411
sigma_H0	=   1.740000
