DataName 	= HST_mock_262
H0  =  65.344122
sigma_H0	=   1.740000
