DataName 	= HST_mock_986
H0  =  65.639432
sigma_H0	=   1.740000
