DataName 	= HST_mock_76
H0  =  69.008413
sigma_H0	=   1.740000
