DataName 	= HST_mock_445
H0		=  63.546528
sigma_H0	=   1.740000
