DataName 	= HST_mock_886
H0  =  65.952595
sigma_H0	=   1.740000
