DataName 	= HST_mock_64
H0		=  67.179418
sigma_H0	=   1.740000
