DataName 	= HST_mock_561
H0  =  70.454952
sigma_H0	=   1.740000
