DataName 	= HST_mock_796
H0  =  69.005683
sigma_H0	=   1.740000
