DataName 	= HST_mock_497
H0  =  66.594490
sigma_H0	=   1.740000
