DataName 	= HST_mock_787
H0		=  65.070380
sigma_H0	=   1.740000
