DataName 	= HST_mock_568
H0  =  66.026899
sigma_H0	=   1.740000
