DataName 	= HST_mock_832
H0  =  63.688938
sigma_H0	=   1.740000
