DataName 	= HST_mock_220
H0		=  65.004774
sigma_H0	=   1.740000
