DataName 	= HST_mock_281
H0  =  64.870688
sigma_H0	=   1.740000
