DataName 	= HST_mock_231
H0  =  67.141739
sigma_H0	=   1.740000
