DataName 	= HST_mock_581
H0  =  66.655458
sigma_H0	=   1.740000
