DataName 	= HST_mock_666
H0  =  68.432508
sigma_H0	=   1.740000
