DataName 	= HST_mock_850
H0		=  67.018366
sigma_H0	=   1.740000
