DataName 	= HST_mock_582
H0  =  67.091738
sigma_H0	=   1.740000
