DataName 	= HST_mock_952
H0		=  65.985816
sigma_H0	=   1.740000
