DataName 	= HST_mock_706
H0  =  67.316080
sigma_H0	=   1.740000
