DataName 	= HST_mock_671
H0		=  67.717073
sigma_H0	=   1.740000
