DataName 	= HST_mock_540
H0  =  68.140843
sigma_H0	=   1.740000
