DataName 	= HST_mock_907
H0  =  66.536421
sigma_H0	=   1.740000
