DataName 	= HST_mock_546
H0		=  71.289920
sigma_H0	=   1.740000
