DataName 	= HST_mock_323
H0  =  64.958980
sigma_H0	=   1.740000
