DataName 	= HST_mock_148
H0		=  65.947698
sigma_H0	=   1.740000
