DataName 	= HST_mock_704
H0  =  66.569314
sigma_H0	=   1.740000
