DataName 	= HST_mock_134
H0		=  68.477488
sigma_H0	=   1.740000
