DataName 	= HST_mock_939
H0  =  66.871400
sigma_H0	=   1.740000
