DataName 	= HST_mock_117
H0  =  69.728431
sigma_H0	=   1.740000
