DataName 	= HST_mock_691
H0  =  67.880347
sigma_H0	=   1.740000
