DataName 	= HST_mock_410
H0  =  68.406122
sigma_H0	=   1.740000
