DataName 	= HST_mock_134
H0  =  66.162512
sigma_H0	=   1.740000
