DataName 	= HST_mock_312
H0  =  63.594345
sigma_H0	=   1.740000
