DataName 	= HST_mock_869
H0  =  64.975331
sigma_H0	=   1.740000
