DataName 	= HST_mock_348
H0  =  68.994441
sigma_H0	=   1.740000
