DataName 	= HST_mock_137
H0  =  65.239679
sigma_H0	=   1.740000
