DataName 	= HST_mock_613
H0  =  67.935127
sigma_H0	=   1.740000
