DataName 	= HST_mock_982
H0		=  67.965850
sigma_H0	=   1.740000
