DataName 	= HST_mock_412
H0		=  65.219537
sigma_H0	=   1.740000
