DataName 	= HST_mock_910
H0  =  65.722200
sigma_H0	=   1.740000
