DataName 	= HST_mock_983
H0  =  64.553815
sigma_H0	=   1.740000
