DataName 	= HST_mock_434
H0  =  66.956357
sigma_H0	=   1.740000
