DataName 	= HST_mock_4
H0  =  70.102973
sigma_H0	=   1.740000
