DataName 	= HST_mock_981
H0		=  68.812244
sigma_H0	=   1.740000
