DataName 	= HST_mock_645
H0  =  67.337451
sigma_H0	=   1.740000
