DataName 	= HST_mock_329
H0		=  65.627156
sigma_H0	=   1.740000
