DataName 	= HST_mock_159
H0		=  67.990371
sigma_H0	=   1.740000
