DataName 	= HST_mock_605
H0		=  69.340851
sigma_H0	=   1.740000
