DataName 	= HST_mock_816
H0		=  66.397974
sigma_H0	=   1.740000
