DataName 	= HST_mock_778
H0		=  65.148404
sigma_H0	=   1.740000
