DataName 	= HST_mock_234
H0		=  65.927458
sigma_H0	=   1.740000
