DataName 	= HST_mock_810
H0		=  67.311244
sigma_H0	=   1.740000
