DataName 	= HST_mock_943
H0  =  67.397309
sigma_H0	=   1.740000
