DataName 	= HST_mock_386
H0  =  67.982954
sigma_H0	=   1.740000
