DataName 	= HST_mock_378
H0		=  68.640679
sigma_H0	=   1.740000
