DataName 	= HST_mock_840
H0  =  71.749227
sigma_H0	=   1.740000
