DataName 	= HST_mock_586
H0  =  66.059932
sigma_H0	=   1.740000
