DataName 	= HST_mock_628
H0  =  67.347473
sigma_H0	=   1.740000
