DataName 	= HST_mock_478
H0		=  68.603587
sigma_H0	=   1.740000
