DataName 	= HST_mock_175
H0  =  67.122038
sigma_H0	=   1.740000
