DataName 	= HST_mock_320
H0  =  66.081158
sigma_H0	=   1.740000
