DataName 	= HST_mock_34
H0  =  68.124755
sigma_H0	=   1.740000
