DataName 	= HST_mock_774
H0		=  66.139664
sigma_H0	=   1.740000
