DataName 	= HST_mock_588
H0		=  69.493462
sigma_H0	=   1.740000
