DataName 	= HST_mock_351
H0		=  67.994084
sigma_H0	=   1.740000
