DataName 	= HST_mock_257
H0  =  69.943453
sigma_H0	=   1.740000
