DataName 	= HST_mock_671
H0  =  66.922927
sigma_H0	=   1.740000
