DataName 	= HST_mock_826
H0		=  65.036910
sigma_H0	=   1.740000
