DataName 	= HST_mock_372
H0  =  70.890728
sigma_H0	=   1.740000
