DataName 	= HST_mock_988
H0  =  64.340541
sigma_H0	=   1.740000
