DataName 	= HST_mock_900
H0		=  64.214099
sigma_H0	=   1.740000
