DataName 	= HST_mock_502
H0		=  66.984616
sigma_H0	=   1.740000
