DataName 	= HST_mock_888
H0		=  63.928197
sigma_H0	=   1.740000
