DataName 	= HST_mock_905
H0		=  66.958397
sigma_H0	=   1.740000
