DataName 	= HST_mock_450
H0		=  67.707078
sigma_H0	=   1.740000
