DataName 	= HST_mock_453
H0		=  69.901458
sigma_H0	=   1.740000
