DataName 	= HST_mock_444
H0  =  69.299998
sigma_H0	=   1.740000
