DataName 	= HST_mock_452
H0		=  63.576788
sigma_H0	=   1.740000
