DataName 	= HST_mock_918
H0  =  71.703623
sigma_H0	=   1.740000
