DataName 	= HST_mock_488
H0  =  70.125294
sigma_H0	=   1.740000
