DataName 	= HST_mock_503
H0		=  69.688080
sigma_H0	=   1.740000
