DataName 	= HST_mock_606
H0  =  67.138308
sigma_H0	=   1.740000
