DataName 	= HST_mock_206
H0  =  73.156882
sigma_H0	=   1.740000
