DataName 	= HST_mock_662
H0		=  67.022066
sigma_H0	=   1.740000
