DataName 	= HST_mock_157
H0		=  65.766528
sigma_H0	=   1.740000
