DataName 	= HST_mock_549
H0		=  66.421359
sigma_H0	=   1.740000
