DataName 	= HST_mock_304
H0  =  68.101364
sigma_H0	=   1.740000
