DataName 	= HST_mock_356
H0		=  68.806137
sigma_H0	=   1.740000
