DataName 	= HST_mock_965
H0		=  66.935344
sigma_H0	=   1.740000
