DataName 	= HST_mock_52
H0  =  64.492715
sigma_H0	=   1.740000
