DataName 	= HST_mock_803
H0		=  63.907392
sigma_H0	=   1.740000
