DataName 	= HST_mock_650
H0		=  65.007858
sigma_H0	=   1.740000
