DataName 	= HST_mock_567
H0		=  66.162993
sigma_H0	=   1.740000
