DataName 	= HST_mock_304
H0		=  66.538636
sigma_H0	=   1.740000
