DataName 	= HST_mock_28
H0  =  64.691044
sigma_H0	=   1.740000
