DataName 	= HST_mock_962
H0  =  67.962951
sigma_H0	=   1.740000
