DataName 	= HST_mock_935
H0  =  66.704554
sigma_H0	=   1.740000
