DataName 	= HST_mock_233
H0		=  66.257977
sigma_H0	=   1.740000
