DataName 	= HST_mock_599
H0  =  66.860717
sigma_H0	=   1.740000
