DataName 	= HST_mock_833
H0		=  65.009261
sigma_H0	=   1.740000
