DataName 	= HST_mock_347
H0  =  67.124090
sigma_H0	=   1.740000
