DataName 	= HST_mock_644
H0  =  68.504481
sigma_H0	=   1.740000
