DataName 	= HST_mock_353
H0  =  64.746080
sigma_H0	=   1.740000
