DataName 	= HST_mock_343
H0		=  65.533584
sigma_H0	=   1.740000
