DataName 	= HST_mock_651
H0  =  71.806077
sigma_H0	=   1.740000
