DataName 	= HST_mock_652
H0  =  66.480387
sigma_H0	=   1.740000
