DataName 	= HST_mock_227
H0		=  67.929777
sigma_H0	=   1.740000
