DataName 	= HST_mock_993
H0		=  66.312080
sigma_H0	=   1.740000
