DataName 	= HST_mock_193
H0		=  68.284235
sigma_H0	=   1.740000
