DataName 	= HST_mock_735
H0  =  67.754592
sigma_H0	=   1.740000
