DataName 	= HST_mock_427
H0		=  64.932497
sigma_H0	=   1.740000
