DataName 	= HST_mock_861
H0  =  65.056636
sigma_H0	=   1.740000
