DataName 	= HST_mock_10
H0		=  67.234135
sigma_H0	=   1.740000
