DataName 	= HST_mock_802
H0  =  64.554219
sigma_H0	=   1.740000
