DataName 	= HST_mock_86
H0  =  63.932262
sigma_H0	=   1.740000
