DataName 	= HST_mock_447
H0  =  65.503593
sigma_H0	=   1.740000
