DataName 	= HST_mock_243
H0  =  65.870750
sigma_H0	=   1.740000
