DataName 	= HST_mock_17
H0  =  68.850461
sigma_H0	=   1.740000
