DataName 	= HST_mock_533
H0		=  66.628785
sigma_H0	=   1.740000
