DataName 	= HST_mock_674
H0  =  67.548561
sigma_H0	=   1.740000
