DataName 	= HST_mock_829
H0  =  68.342335
sigma_H0	=   1.740000
