DataName 	= HST_mock_688
H0  =  71.084958
sigma_H0	=   1.740000
