DataName 	= HST_mock_268
H0  =  69.435297
sigma_H0	=   1.740000
