DataName 	= HST_mock_345
H0		=  68.248866
sigma_H0	=   1.740000
