DataName 	= HST_mock_206
H0		=  61.483118
sigma_H0	=   1.740000
