DataName 	= HST_mock_741
H0  =  66.450120
sigma_H0	=   1.740000
