DataName 	= HST_mock_333
H0  =  67.493236
sigma_H0	=   1.740000
