DataName 	= HST_mock_622
H0		=  68.463024
sigma_H0	=   1.740000
