DataName 	= HST_mock_288
H0		=  65.964462
sigma_H0	=   1.740000
