DataName 	= HST_mock_890
H0		=  68.560995
sigma_H0	=   1.740000
