DataName 	= HST_mock_811
H0  =  66.994641
sigma_H0	=   1.740000
