DataName 	= HST_mock_658
H0  =  67.842554
sigma_H0	=   1.740000
