DataName 	= HST_mock_863
H0		=  67.442275
sigma_H0	=   1.740000
