DataName 	= HST_mock_51
H0  =  65.924634
sigma_H0	=   1.740000
