DataName 	= HST_mock_679
H0  =  67.801371
sigma_H0	=   1.740000
