DataName 	= HST_mock_266
H0		=  65.428038
sigma_H0	=   1.740000
