DataName 	= HST_mock_282
H0		=  67.161173
sigma_H0	=   1.740000
