DataName 	= HST_mock_209
H0		=  64.976075
sigma_H0	=   1.740000
