DataName 	= HST_mock_779
H0  =  70.469371
sigma_H0	=   1.740000
