DataName 	= HST_mock_900
H0  =  70.425901
sigma_H0	=   1.740000
