DataName 	= HST_mock_468
H0  =  67.885819
sigma_H0	=   1.740000
