DataName 	= HST_mock_835
H0		=  66.528898
sigma_H0	=   1.740000
