DataName 	= HST_mock_443
H0		=  65.101330
sigma_H0	=   1.740000
