DataName 	= HST_mock_534
H0		=  62.863066
sigma_H0	=   1.740000
