DataName 	= HST_mock_587
H0		=  67.463464
sigma_H0	=   1.740000
