DataName 	= HST_mock_977
H0  =  68.954286
sigma_H0	=   1.740000
