DataName 	= HST_mock_758
H0  =  69.570960
sigma_H0	=   1.740000
