DataName 	= HST_mock_495
H0		=  65.665081
sigma_H0	=   1.740000
