DataName 	= HST_mock_390
H0		=  65.288708
sigma_H0	=   1.740000
