DataName 	= HST_mock_364
H0  =  64.816347
sigma_H0	=   1.740000
