DataName 	= HST_mock_507
H0		=  68.605675
sigma_H0	=   1.740000
