DataName 	= HST_mock_328
H0  =  68.755536
sigma_H0	=   1.740000
