DataName 	= HST_mock_119
H0		=  62.953982
sigma_H0	=   1.740000
