DataName 	= HST_mock_728
H0  =  70.301777
sigma_H0	=   1.740000
