DataName 	= HST_mock_629
H0  =  65.701783
sigma_H0	=   1.740000
