DataName 	= HST_mock_847
H0		=  68.931556
sigma_H0	=   1.740000
