DataName 	= HST_mock_275
H0  =  66.304972
sigma_H0	=   1.740000
