DataName 	= HST_mock_287
H0		=  66.979962
sigma_H0	=   1.740000
