DataName 	= HST_mock_247
H0  =  68.963656
sigma_H0	=   1.740000
