DataName 	= HST_mock_294
H0  =  66.277542
sigma_H0	=   1.740000
