DataName 	= HST_mock_766
H0		=  67.513859
sigma_H0	=   1.740000
