DataName 	= HST_mock_256
H0  =  66.577030
sigma_H0	=   1.740000
