DataName 	= HST_mock_494
H0  =  68.308854
sigma_H0	=   1.740000
