DataName 	= HST_mock_895
H0  =  65.901567
sigma_H0	=   1.740000
