DataName 	= HST_mock_812
H0  =  69.371391
sigma_H0	=   1.740000
