DataName 	= HST_mock_402
H0  =  69.999636
sigma_H0	=   1.740000
