DataName 	= HST_mock_946
H0  =  66.484891
sigma_H0	=   1.740000
