DataName 	= HST_mock_75
H0		=  64.703457
sigma_H0	=   1.740000
