DataName 	= HST_mock_127
H0  =  66.294805
sigma_H0	=   1.740000
