DataName 	= HST_mock_216
H0		=  63.037635
sigma_H0	=   1.740000
