DataName 	= HST_mock_116
H0		=  67.701111
sigma_H0	=   1.740000
