DataName 	= HST_mock_590
H0		=  65.127710
sigma_H0	=   1.740000
