DataName 	= HST_mock_165
H0		=  66.546047
sigma_H0	=   1.740000
