DataName 	= HST_mock_523
H0		=  66.342856
sigma_H0	=   1.740000
