DataName 	= HST_mock_213
H0		=  68.305534
sigma_H0	=   1.740000
