DataName 	= HST_mock_528
H0		=  66.424305
sigma_H0	=   1.740000
