DataName 	= HST_mock_797
H0		=  69.360147
sigma_H0	=   1.740000
