DataName 	= HST_mock_744
H0  =  68.101184
sigma_H0	=   1.740000
