DataName 	= HST_mock_303
H0  =  68.068268
sigma_H0	=   1.740000
