DataName 	= HST_mock_476
H0  =  67.212415
sigma_H0	=   1.740000
