DataName 	= HST_mock_252
H0		=  69.146523
sigma_H0	=   1.740000
