DataName 	= HST_mock_394
H0		=  68.863597
sigma_H0	=   1.740000
