DataName 	= HST_mock_326
H0		=  66.194878
sigma_H0	=   1.740000
