DataName 	= HST_mock_838
H0  =  68.725987
sigma_H0	=   1.740000
