DataName 	= HST_mock_479
H0  =  65.725970
sigma_H0	=   1.740000
