DataName 	= HST_mock_817
H0  =  68.400319
sigma_H0	=   1.740000
