DataName 	= HST_mock_667
H0  =  68.905929
sigma_H0	=   1.740000
