DataName 	= HST_mock_82
H0  =  69.972444
sigma_H0	=   1.740000
