DataName 	= HST_mock_202
H0  =  63.663558
sigma_H0	=   1.740000
