DataName 	= HST_mock_562
H0  =  65.993292
sigma_H0	=   1.740000
