DataName 	= HST_mock_910
H0		=  68.917800
sigma_H0	=   1.740000
