DataName 	= HST_mock_626
H0  =  68.783718
sigma_H0	=   1.740000
