DataName 	= HST_mock_235
H0		=  68.083539
sigma_H0	=   1.740000
