DataName 	= HST_mock_253
H0		=  67.608035
sigma_H0	=   1.740000
