DataName 	= HST_mock_694
H0  =  67.509001
sigma_H0	=   1.740000
