DataName 	= HST_mock_519
H0		=  66.749058
sigma_H0	=   1.740000
