DataName 	= HST_mock_171
H0  =  65.421077
sigma_H0	=   1.740000
