DataName 	= HST_mock_947
H0  =  66.799421
sigma_H0	=   1.740000
