DataName 	= HST_mock_180
H0		=  68.471243
sigma_H0	=   1.740000
