DataName 	= HST_mock_958
H0		=  65.997178
sigma_H0	=   1.740000
