DataName 	= HST_mock_690
H0		=  65.259768
sigma_H0	=   1.740000
