DataName 	= HST_mock_559
H0  =  69.341826
sigma_H0	=   1.740000
