DataName 	= HST_mock_299
H0  =  66.015876
sigma_H0	=   1.740000
