DataName 	= HST_mock_838
H0		=  65.914013
sigma_H0	=   1.740000
