DataName 	= HST_mock_710
H0		=  68.746099
sigma_H0	=   1.740000
