DataName 	= HST_mock_727
H0  =  69.776785
sigma_H0	=   1.740000
