DataName 	= HST_mock_300
H0  =  66.674727
sigma_H0	=   1.740000
