DataName 	= HST_mock_105
H0		=  64.368168
sigma_H0	=   1.740000
