DataName 	= HST_mock_964
H0		=  68.037972
sigma_H0	=   1.740000
