DataName 	= HST_mock_463
H0  =  68.261758
sigma_H0	=   1.740000
