DataName 	= HST_mock_553
H0		=  65.104571
sigma_H0	=   1.740000
