DataName 	= HST_mock_358
H0		=  65.235058
sigma_H0	=   1.740000
