DataName 	= HST_mock_145
H0  =  68.441983
sigma_H0	=   1.740000
