DataName 	= HST_mock_277
H0		=  70.043318
sigma_H0	=   1.740000
