DataName 	= HST_mock_899
H0  =  70.339191
sigma_H0	=   1.740000
