DataName 	= HST_mock_83
H0		=  67.036185
sigma_H0	=   1.740000
