DataName 	= HST_mock_208
H0		=  68.170711
sigma_H0	=   1.740000
