DataName 	= HST_mock_928
H0  =  64.549703
sigma_H0	=   1.740000
