DataName 	= HST_mock_792
H0  =  66.690471
sigma_H0	=   1.740000
