DataName 	= HST_mock_911
H0		=  65.739824
sigma_H0	=   1.740000
