DataName 	= HST_mock_655
H0  =  66.681951
sigma_H0	=   1.740000
