DataName 	= HST_mock_198
H0  =  66.403847
sigma_H0	=   1.740000
