DataName 	= HST_mock_446
H0  =  66.233429
sigma_H0	=   1.740000
