DataName 	= HST_mock_255
H0  =  69.740531
sigma_H0	=   1.740000
