DataName 	= HST_mock_509
H0		=  66.095325
sigma_H0	=   1.740000
