DataName 	= HST_mock_830
H0  =  69.222678
sigma_H0	=   1.740000
