DataName 	= HST_mock_698
H0		=  70.654156
sigma_H0	=   1.740000
