DataName 	= HST_mock_570
H0  =  69.149952
sigma_H0	=   1.740000
