DataName 	= HST_mock_25
H0		=  66.128564
sigma_H0	=   1.740000
