DataName 	= HST_mock_1
H0  =  67.320000
sigma_H0	=   1.740000
