DataName 	= HST_mock_746
H0  =  65.152297
sigma_H0	=   1.740000
