DataName 	= HST_mock_620
H0		=  66.395129
sigma_H0	=   1.740000
