DataName 	= HST_mock_170
H0  =  68.381673
sigma_H0	=   1.740000
