DataName 	= HST_mock_543
H0		=  67.266297
sigma_H0	=   1.740000
