DataName 	= HST_mock_665
H0		=  68.170900
sigma_H0	=   1.740000
