DataName 	= HST_mock_417
H0  =  68.544072
sigma_H0	=   1.740000
