DataName 	= HST_mock_324
H0  =  65.448588
sigma_H0	=   1.740000
