DataName 	= HST_mock_903
H0		=  69.421556
sigma_H0	=   1.740000
