DataName 	= HST_mock_379
H0		=  67.239035
sigma_H0	=   1.740000
