DataName 	= HST_mock_52
H0		=  70.147285
sigma_H0	=   1.740000
