DataName 	= HST_mock_280
H0  =  67.524728
sigma_H0	=   1.740000
