DataName 	= HST_mock_538
H0  =  65.888686
sigma_H0	=   1.740000
