DataName 	= HST_mock_147
H0  =  67.752878
sigma_H0	=   1.740000
