DataName 	= HST_mock_79
H0  =  71.182593
sigma_H0	=   1.740000
