DataName 	= HST_mock_886
H0		=  68.687405
sigma_H0	=   1.740000
