DataName 	= HST_mock_568
H0		=  68.613101
sigma_H0	=   1.740000
