DataName 	= HST_mock_354
H0  =  65.181891
sigma_H0	=   1.740000
