DataName 	= HST_mock_995
H0		=  66.476121
sigma_H0	=   1.740000
