DataName 	= HST_mock_54
H0  =  70.332792
sigma_H0	=   1.740000
