DataName 	= HST_mock_211
H0		=  69.271115
sigma_H0	=   1.740000
