DataName 	= HST_mock_669
H0  =  66.033102
sigma_H0	=   1.740000
