DataName 	= HST_mock_916
H0  =  65.743048
sigma_H0	=   1.740000
