DataName 	= HST_mock_919
H0		=  65.718769
sigma_H0	=   1.740000
