DataName 	= HST_mock_909
H0		=  66.532648
sigma_H0	=   1.740000
