DataName 	= HST_mock_713
H0		=  63.512545
sigma_H0	=   1.740000
