DataName 	= HST_mock_222
H0		=  70.411967
sigma_H0	=   1.740000
