DataName 	= HST_mock_969
H0		=  66.841415
sigma_H0	=   1.740000
