DataName 	= HST_mock_456
H0  =  69.054166
sigma_H0	=   1.740000
