DataName 	= HST_mock_187
H0		=  68.095356
sigma_H0	=   1.740000
