DataName 	= HST_mock_824
H0  =  66.464751
sigma_H0	=   1.740000
