DataName 	= HST_mock_664
H0  =  68.470516
sigma_H0	=   1.740000
