DataName 	= HST_mock_984
H0		=  67.703582
sigma_H0	=   1.740000
