DataName 	= HST_mock_401
H0		=  65.677461
sigma_H0	=   1.740000
