DataName 	= HST_mock_771
H0  =  64.823650
sigma_H0	=   1.740000
