DataName 	= HST_mock_661
H0		=  65.390661
sigma_H0	=   1.740000
