DataName 	= HST_mock_403
H0		=  71.016130
sigma_H0	=   1.740000
