DataName 	= HST_mock_385
H0		=  66.950432
sigma_H0	=   1.740000
