DataName 	= HST_mock_874
H0		=  65.878912
sigma_H0	=   1.740000
