DataName 	= HST_mock_207
H0		=  65.278643
sigma_H0	=   1.740000
