DataName 	= HST_mock_589
H0		=  65.834549
sigma_H0	=   1.740000
