DataName 	= HST_mock_62
H0		=  67.109223
sigma_H0	=   1.740000
