DataName 	= HST_mock_262
H0		=  69.295878
sigma_H0	=   1.740000
