DataName 	= HST_mock_862
H0  =  68.329169
sigma_H0	=   1.740000
