DataName 	= HST_mock_888
H0  =  70.711803
sigma_H0	=   1.740000
