DataName 	= HST_mock_186
H0  =  66.328294
sigma_H0	=   1.740000
