DataName 	= HST_mock_721
H0  =  70.184729
sigma_H0	=   1.740000
