DataName 	= HST_mock_881
H0		=  66.684352
sigma_H0	=   1.740000
