DataName 	= HST_mock_357
H0  =  68.034441
sigma_H0	=   1.740000
