DataName 	= HST_mock_238
H0  =  66.085527
sigma_H0	=   1.740000
