DataName 	= HST_mock_501
H0  =  68.898448
sigma_H0	=   1.740000
