DataName 	= HST_mock_604
H0		=  69.416913
sigma_H0	=   1.740000
