DataName 	= HST_mock_474
H0		=  65.396269
sigma_H0	=   1.740000
