DataName 	= HST_mock_654
H0		=  66.732968
sigma_H0	=   1.740000
