DataName 	= HST_mock_669
H0		=  68.606898
sigma_H0	=   1.740000
