DataName 	= HST_mock_833
H0  =  69.630739
sigma_H0	=   1.740000
