DataName 	= HST_mock_397
H0  =  66.011146
sigma_H0	=   1.740000
