DataName 	= HST_mock_273
H0  =  70.532985
sigma_H0	=   1.740000
