DataName 	= HST_mock_690
H0  =  69.380232
sigma_H0	=   1.740000
