DataName 	= HST_mock_504
H0		=  69.039832
sigma_H0	=   1.740000
