DataName 	= HST_mock_773
H0		=  69.281334
sigma_H0	=   1.740000
