DataName 	= HST_mock_178
H0		=  70.212235
sigma_H0	=   1.740000
