DataName 	= HST_mock_853
H0		=  72.471302
sigma_H0	=   1.740000
