DataName 	= HST_mock_311
H0		=  67.964865
sigma_H0	=   1.740000
