DataName 	= HST_mock_216
H0  =  71.602365
sigma_H0	=   1.740000
