DataName 	= HST_mock_792
H0		=  67.949529
sigma_H0	=   1.740000
