DataName 	= HST_mock_431
H0		=  66.889516
sigma_H0	=   1.740000
