DataName 	= HST_mock_683
H0		=  66.441767
sigma_H0	=   1.740000
