DataName 	= HST_mock_930
H0  =  67.822153
sigma_H0	=   1.740000
