DataName 	= HST_mock_227
H0  =  66.710223
sigma_H0	=   1.740000
