DataName 	= HST_mock_192
H0  =  66.891224
sigma_H0	=   1.740000
