DataName 	= HST_mock_183
H0  =  69.753825
sigma_H0	=   1.740000
