DataName 	= HST_mock_797
H0  =  65.279853
sigma_H0	=   1.740000
