DataName 	= HST_mock_629
H0		=  68.938217
sigma_H0	=   1.740000
