DataName 	= HST_mock_553
H0  =  69.535429
sigma_H0	=   1.740000
