DataName 	= HST_mock_601
H0		=  66.861360
sigma_H0	=   1.740000
