DataName 	= HST_mock_552
H0  =  64.935819
sigma_H0	=   1.740000
