DataName 	= HST_mock_150
H0		=  69.726595
sigma_H0	=   1.740000
