DataName 	= HST_mock_719
H0		=  67.434370
sigma_H0	=   1.740000
