DataName 	= HST_mock_432
H0  =  65.874166
sigma_H0	=   1.740000
