DataName 	= HST_mock_804
H0		=  68.205993
sigma_H0	=   1.740000
