DataName 	= HST_mock_309
H0  =  66.799565
sigma_H0	=   1.740000
