DataName 	= HST_mock_526
H0  =  65.900707
sigma_H0	=   1.740000
