DataName 	= HST_mock_279
H0		=  65.642877
sigma_H0	=   1.740000
