DataName 	= HST_mock_171
H0		=  69.218923
sigma_H0	=   1.740000
