DataName 	= HST_mock_884
H0		=  62.261811
sigma_H0	=   1.740000
