DataName 	= HST_mock_973
H0  =  68.586539
sigma_H0	=   1.740000
