DataName 	= HST_mock_379
H0  =  67.400965
sigma_H0	=   1.740000
