DataName 	= HST_mock_587
H0  =  67.176536
sigma_H0	=   1.740000
