DataName 	= HST_mock_506
H0  =  67.340130
sigma_H0	=   1.740000
