DataName 	= HST_mock_14
H0  =  64.026710
sigma_H0	=   1.740000
