DataName 	= HST_mock_291
H0  =  66.399028
sigma_H0	=   1.740000
