DataName 	= HST_mock_903
H0  =  65.218444
sigma_H0	=   1.740000
