DataName 	= HST_mock_91
H0  =  65.127033
sigma_H0	=   1.740000
