DataName 	= HST_mock_66
H0  =  68.210170
sigma_H0	=   1.740000
