DataName 	= HST_mock_184
H0		=  66.830331
sigma_H0	=   1.740000
