DataName 	= HST_mock_35
H0		=  69.459648
sigma_H0	=   1.740000
