DataName 	= HST_mock_93
H0		=  67.581258
sigma_H0	=   1.740000
