DataName 	= HST_mock_248
H0  =  67.989453
sigma_H0	=   1.740000
