DataName 	= HST_mock_522
H0		=  68.953689
sigma_H0	=   1.740000
