DataName 	= HST_mock_589
H0  =  68.805451
sigma_H0	=   1.740000
