DataName 	= HST_mock_837
H0		=  68.944919
sigma_H0	=   1.740000
