DataName 	= HST_mock_800
H0		=  63.686146
sigma_H0	=   1.740000
