DataName 	= HST_mock_455
H0  =  65.903210
sigma_H0	=   1.740000
