DataName 	= HST_mock_563
H0  =  70.425974
sigma_H0	=   1.740000
