DataName 	= HST_mock_49
H0		=  68.243576
sigma_H0	=   1.740000
