DataName 	= HST_mock_638
H0  =  66.715442
sigma_H0	=   1.740000
