DataName 	= HST_mock_45
H0		=  69.759519
sigma_H0	=   1.740000
