DataName 	= HST_mock_846
H0		=  67.609166
sigma_H0	=   1.740000
