DataName 	= HST_mock_467
H0		=  67.530373
sigma_H0	=   1.740000
