DataName 	= HST_mock_306
H0  =  66.968883
sigma_H0	=   1.740000
