DataName 	= HST_mock_155
H0		=  69.401482
sigma_H0	=   1.740000
