DataName 	= HST_mock_828
H0  =  69.487855
sigma_H0	=   1.740000
