DataName 	= HST_mock_889
H0  =  65.611536
sigma_H0	=   1.740000
