DataName 	= HST_mock_686
H0  =  63.696491
sigma_H0	=   1.740000
