DataName 	= HST_mock_917
H0		=  66.598170
sigma_H0	=   1.740000
