DataName 	= HST_mock_956
H0		=  64.476380
sigma_H0	=   1.740000
