DataName 	= HST_mock_705
H0		=  65.885062
sigma_H0	=   1.740000
