DataName 	= HST_mock_55
H0  =  69.765912
sigma_H0	=   1.740000
