DataName 	= HST_mock_611
H0  =  65.390881
sigma_H0	=   1.740000
