DataName 	= HST_mock_229
H0  =  68.194036
sigma_H0	=   1.740000
