DataName 	= HST_mock_551
H0  =  69.408010
sigma_H0	=   1.740000
