DataName 	= HST_mock_241
H0  =  66.649468
sigma_H0	=   1.740000
