DataName 	= HST_mock_992
H0		=  64.455260
sigma_H0	=   1.740000
