DataName 	= HST_mock_990
H0  =  67.920290
sigma_H0	=   1.740000
