DataName 	= HST_mock_102
H0		=  69.586667
sigma_H0	=   1.740000
