DataName 	= HST_mock_244
H0  =  65.725157
sigma_H0	=   1.740000
