DataName 	= HST_mock_435
H0  =  67.352547
sigma_H0	=   1.740000
