DataName 	= HST_mock_873
H0		=  66.027365
sigma_H0	=   1.740000
