DataName 	= HST_mock_555
H0		=  66.586523
sigma_H0	=   1.740000
