DataName 	= HST_mock_325
H0		=  65.136912
sigma_H0	=   1.740000
