DataName 	= HST_mock_274
H0		=  64.596057
sigma_H0	=   1.740000
