DataName 	= HST_mock_406
H0		=  65.128261
sigma_H0	=   1.740000
