DataName 	= HST_mock_22
H0  =  67.063699
sigma_H0	=   1.740000
