DataName 	= HST_mock_701
H0		=  66.694207
sigma_H0	=   1.740000
