DataName 	= HST_mock_121
H0  =  69.118374
sigma_H0	=   1.740000
