DataName 	= HST_mock_319
H0		=  67.896342
sigma_H0	=   1.740000
