DataName 	= HST_mock_141
H0		=  66.293752
sigma_H0	=   1.740000
