DataName 	= HST_mock_594
H0  =  66.512169
sigma_H0	=   1.740000
