DataName 	= HST_mock_324
H0		=  69.191412
sigma_H0	=   1.740000
