DataName 	= HST_mock_281
H0		=  69.769312
sigma_H0	=   1.740000
