DataName 	= HST_mock_475
H0		=  69.856318
sigma_H0	=   1.740000
