DataName 	= HST_mock_164
H0  =  66.023250
sigma_H0	=   1.740000
