DataName 	= HST_mock_391
H0  =  70.111459
sigma_H0	=   1.740000
