DataName 	= HST_mock_303
H0		=  66.571732
sigma_H0	=   1.740000
