DataName 	= HST_mock_131
H0  =  70.205847
sigma_H0	=   1.740000
