DataName 	= HST_mock_650
H0  =  69.632142
sigma_H0	=   1.740000
