DataName 	= HST_mock_758
H0		=  65.069040
sigma_H0	=   1.740000
