DataName 	= HST_mock_370
H0		=  64.719215
sigma_H0	=   1.740000
