DataName 	= HST_mock_773
H0  =  65.358666
sigma_H0	=   1.740000
