DataName 	= HST_mock_560
H0		=  67.255827
sigma_H0	=   1.740000
