DataName 	= HST_mock_483
H0  =  65.866487
sigma_H0	=   1.740000
