DataName 	= HST_mock_585
H0  =  68.108202
sigma_H0	=   1.740000
