DataName 	= HST_mock_895
H0		=  68.738433
sigma_H0	=   1.740000
