DataName 	= HST_mock_467
H0  =  67.109627
sigma_H0	=   1.740000
