DataName 	= HST_mock_560
H0  =  67.384173
sigma_H0	=   1.740000
