DataName 	= HST_mock_997
H0		=  65.470817
sigma_H0	=   1.740000
