DataName 	= HST_mock_572
H0  =  64.721194
sigma_H0	=   1.740000
