DataName 	= HST_mock_962
H0		=  66.677049
sigma_H0	=   1.740000
