DataName 	= HST_mock_364
H0		=  69.823653
sigma_H0	=   1.740000
