DataName 	= HST_mock_87
H0		=  65.893071
sigma_H0	=   1.740000
