DataName 	= HST_mock_250
H0		=  68.435991
sigma_H0	=   1.740000
