DataName 	= HST_mock_172
H0  =  64.063140
sigma_H0	=   1.740000
