DataName 	= HST_mock_490
H0		=  65.937991
sigma_H0	=   1.740000
