DataName 	= HST_mock_30
H0		=  67.804299
sigma_H0	=   1.740000
