DataName 	= HST_mock_298
H0  =  67.993750
sigma_H0	=   1.740000
