DataName 	= HST_mock_155
H0  =  65.238518
sigma_H0	=   1.740000
