DataName 	= HST_mock_31
H0  =  69.303326
sigma_H0	=   1.740000
