DataName 	= HST_mock_411
H0		=  69.213603
sigma_H0	=   1.740000
