DataName 	= HST_mock_654
H0  =  67.907032
sigma_H0	=   1.740000
