DataName 	= HST_mock_541
H0  =  67.424845
sigma_H0	=   1.740000
