DataName 	= HST_mock_301
H0		=  68.740426
sigma_H0	=   1.740000
