DataName 	= HST_mock_241
H0		=  67.990532
sigma_H0	=   1.740000
