DataName 	= HST_mock_952
H0  =  68.654184
sigma_H0	=   1.740000
