DataName 	= HST_mock_368
H0  =  66.989983
sigma_H0	=   1.740000
