DataName 	= HST_mock_474
H0  =  69.243731
sigma_H0	=   1.740000
