DataName 	= HST_mock_867
H0  =  66.155069
sigma_H0	=   1.740000
