DataName 	= HST_mock_951
H0		=  66.560076
sigma_H0	=   1.740000
