DataName 	= HST_mock_433
H0  =  65.084228
sigma_H0	=   1.740000
