DataName 	= HST_mock_461
H0		=  68.474420
sigma_H0	=   1.740000
