DataName 	= HST_mock_263
H0  =  66.063894
sigma_H0	=   1.740000
