DataName 	= HST_mock_129
H0		=  69.173697
sigma_H0	=   1.740000
