DataName 	= HST_mock_10
H0  =  67.405865
sigma_H0	=   1.740000
