DataName 	= HST_mock_536
H0		=  67.635153
sigma_H0	=   1.740000
