DataName 	= HST_mock_253
H0  =  67.031965
sigma_H0	=   1.740000
