DataName 	= HST_mock_932
H0  =  65.013171
sigma_H0	=   1.740000
