DataName 	= HST_mock_480
H0		=  68.213589
sigma_H0	=   1.740000
