DataName 	= HST_mock_646
H0  =  65.065622
sigma_H0	=   1.740000
