DataName 	= HST_mock_600
H0  =  66.560786
sigma_H0	=   1.740000
