DataName 	= HST_mock_729
H0  =  65.128135
sigma_H0	=   1.740000
