DataName 	= HST_mock_429
H0  =  65.835979
sigma_H0	=   1.740000
