DataName 	= HST_mock_414
H0  =  65.864547
sigma_H0	=   1.740000
