DataName 	= HST_mock_649
H0  =  67.260774
sigma_H0	=   1.740000
