DataName 	= HST_mock_399
H0  =  63.128152
sigma_H0	=   1.740000
