DataName 	= HST_mock_609
H0		=  65.880869
sigma_H0	=   1.740000
