DataName 	= HST_mock_456
H0		=  65.585834
sigma_H0	=   1.740000
