DataName 	= HST_mock_720
H0		=  68.939486
sigma_H0	=   1.740000
