DataName 	= HST_mock_667
H0		=  65.734071
sigma_H0	=   1.740000
