DataName 	= HST_mock_496
H0  =  66.740107
sigma_H0	=   1.740000
