DataName 	= HST_mock_700
H0		=  69.898278
sigma_H0	=   1.740000
