DataName 	= HST_mock_3
H0  =  64.893556
sigma_H0	=   1.740000
