DataName 	= HST_mock_416
H0		=  66.672830
sigma_H0	=   1.740000
