DataName 	= HST_mock_547
H0  =  68.668683
sigma_H0	=   1.740000
