DataName 	= HST_mock_398
H0  =  67.905084
sigma_H0	=   1.740000
