DataName 	= HST_mock_203
H0  =  71.120016
sigma_H0	=   1.740000
