DataName 	= HST_mock_418
H0		=  67.400812
sigma_H0	=   1.740000
