DataName 	= HST_mock_87
H0  =  68.746929
sigma_H0	=   1.740000
