DataName 	= HST_mock_819
H0  =  69.709509
sigma_H0	=   1.740000
