DataName 	= HST_mock_544
H0		=  64.978257
sigma_H0	=   1.740000
