DataName 	= HST_mock_249
H0		=  70.391816
sigma_H0	=   1.740000
