DataName 	= HST_mock_477
H0  =  67.634486
sigma_H0	=   1.740000
