DataName 	= HST_mock_677
H0  =  66.986845
sigma_H0	=   1.740000
