DataName 	= HST_mock_201
H0  =  64.913562
sigma_H0	=   1.740000
