DataName 	= HST_mock_466
H0  =  66.905721
sigma_H0	=   1.740000
