DataName 	= HST_mock_914
H0  =  66.916616
sigma_H0	=   1.740000
