DataName 	= HST_mock_175
H0		=  67.517962
sigma_H0	=   1.740000
