DataName 	= HST_mock_360
H0  =  68.496211
sigma_H0	=   1.740000
