DataName 	= HST_mock_163
H0  =  70.154553
sigma_H0	=   1.740000
