DataName 	= HST_mock_360
H0		=  66.143789
sigma_H0	=   1.740000
