DataName 	= HST_mock_639
H0		=  67.188890
sigma_H0	=   1.740000
