DataName 	= HST_mock_741
H0		=  68.189880
sigma_H0	=   1.740000
