DataName 	= HST_mock_114
H0		=  65.373035
sigma_H0	=   1.740000
