DataName 	= HST_mock_897
H0  =  67.026923
sigma_H0	=   1.740000
