DataName 	= HST_mock_423
H0		=  69.629771
sigma_H0	=   1.740000
