DataName 	= HST_mock_275
H0		=  68.335028
sigma_H0	=   1.740000
