DataName 	= HST_mock_228
H0  =  69.538326
sigma_H0	=   1.740000
