DataName 	= HST_mock_980
H0  =  66.112614
sigma_H0	=   1.740000
