DataName 	= HST_mock_876
H0		=  66.736368
sigma_H0	=   1.740000
