DataName 	= HST_mock_908
H0		=  65.491532
sigma_H0	=   1.740000
