DataName 	= HST_mock_564
H0		=  66.232865
sigma_H0	=   1.740000
