DataName 	= HST_mock_268
H0		=  65.204703
sigma_H0	=   1.740000
