DataName 	= HST_mock_700
H0  =  64.741722
sigma_H0	=   1.740000
