DataName 	= HST_mock_998
H0		=  69.675291
sigma_H0	=   1.740000
