DataName 	= HST_mock_68
H0  =  67.315652
sigma_H0	=   1.740000
