DataName 	= HST_mock_890
H0  =  66.079005
sigma_H0	=   1.740000
