DataName 	= HST_mock_500
H0		=  65.740929
sigma_H0	=   1.740000
