DataName 	= HST_mock_973
H0		=  66.053461
sigma_H0	=   1.740000
