DataName 	= HST_mock_271
H0  =  66.956264
sigma_H0	=   1.740000
