DataName 	= HST_mock_150
H0  =  64.913405
sigma_H0	=   1.740000
