DataName 	= HST_mock_45
H0  =  64.880481
sigma_H0	=   1.740000
