DataName 	= HST_mock_75
H0  =  69.936543
sigma_H0	=   1.740000
