DataName 	= HST_mock_770
H0  =  68.291568
sigma_H0	=   1.740000
