DataName 	= HST_mock_512
H0  =  68.067200
sigma_H0	=   1.740000
