DataName 	= HST_mock_28
H0		=  69.948956
sigma_H0	=   1.740000
