DataName 	= HST_mock_602
H0  =  64.968384
sigma_H0	=   1.740000
