DataName 	= HST_mock_246
H0		=  64.079504
sigma_H0	=   1.740000
