DataName 	= HST_mock_742
H0		=  68.819791
sigma_H0	=   1.740000
