DataName 	= HST_mock_489
H0  =  66.092144
sigma_H0	=   1.740000
