DataName 	= HST_mock_92
H0  =  65.467441
sigma_H0	=   1.740000
