DataName 	= HST_mock_763
H0		=  68.170176
sigma_H0	=   1.740000
