DataName 	= HST_mock_628
H0		=  67.292527
sigma_H0	=   1.740000
