DataName 	= HST_mock_323
H0		=  69.681020
sigma_H0	=   1.740000
