DataName 	= HST_mock_749
H0		=  66.815581
sigma_H0	=   1.740000
