DataName 	= HST_mock_63
H0  =  67.969448
sigma_H0	=   1.740000
