DataName 	= HST_mock_581
H0		=  67.984542
sigma_H0	=   1.740000
