DataName 	= HST_mock_373
H0		=  67.488638
sigma_H0	=   1.740000
