DataName 	= HST_mock_384
H0  =  69.805535
sigma_H0	=   1.740000
