DataName 	= HST_mock_902
H0  =  69.071588
sigma_H0	=   1.740000
