DataName 	= HST_mock_922
H0  =  67.230071
sigma_H0	=   1.740000
