DataName 	= HST_mock_737
H0		=  65.355127
sigma_H0	=   1.740000
