DataName 	= HST_mock_870
H0  =  66.288449
sigma_H0	=   1.740000
