DataName 	= HST_mock_13
H0  =  70.639993
sigma_H0	=   1.740000
