DataName 	= HST_mock_509
H0  =  68.544675
sigma_H0	=   1.740000
