DataName 	= HST_mock_77
H0		=  68.396299
sigma_H0	=   1.740000
