DataName 	= HST_mock_137
H0		=  69.400321
sigma_H0	=   1.740000
