DataName 	= HST_mock_768
H0  =  68.794780
sigma_H0	=   1.740000
