DataName 	= HST_mock_478
H0  =  66.036413
sigma_H0	=   1.740000
