DataName 	= HST_mock_325
H0  =  69.503088
sigma_H0	=   1.740000
