DataName 	= HST_mock_159
H0  =  66.649629
sigma_H0	=   1.740000
