DataName 	= HST_mock_681
H0		=  66.113886
sigma_H0	=   1.740000
