DataName 	= HST_mock_22
H0		=  67.576301
sigma_H0	=   1.740000
