DataName 	= HST_mock_363
H0  =  67.940496
sigma_H0	=   1.740000
