DataName 	= HST_mock_557
H0  =  66.454617
sigma_H0	=   1.740000
