DataName 	= HST_mock_71
H0		=  64.862667
sigma_H0	=   1.740000
