DataName 	= HST_mock_399
H0		=  71.511848
sigma_H0	=   1.740000
