DataName 	= HST_mock_984
H0  =  66.936418
sigma_H0	=   1.740000
