DataName 	= HST_mock_548
H0  =  67.855318
sigma_H0	=   1.740000
