DataName 	= HST_mock_742
H0  =  65.820209
sigma_H0	=   1.740000
