DataName 	= HST_mock_217
H0  =  66.978299
sigma_H0	=   1.740000
