DataName 	= HST_mock_983
H0		=  70.086185
sigma_H0	=   1.740000
