DataName 	= HST_mock_42
H0  =  65.889565
sigma_H0	=   1.740000
