DataName 	= HST_mock_849
H0  =  65.571581
sigma_H0	=   1.740000
