DataName 	= HST_mock_385
H0  =  67.689568
sigma_H0	=   1.740000
