DataName 	= HST_mock_36
H0  =  64.567108
sigma_H0	=   1.740000
