DataName 	= HST_mock_43
H0		=  68.001831
sigma_H0	=   1.740000
