DataName 	= HST_mock_392
H0		=  65.489097
sigma_H0	=   1.740000
