DataName 	= HST_mock_776
H0  =  63.894374
sigma_H0	=   1.740000
