DataName 	= HST_mock_457
H0		=  64.008591
sigma_H0	=   1.740000
