DataName 	= HST_mock_496
H0		=  67.899893
sigma_H0	=   1.740000
