DataName 	= HST_mock_928
H0		=  70.090297
sigma_H0	=   1.740000
