DataName 	= HST_mock_992
H0  =  70.184740
sigma_H0	=   1.740000
