DataName 	= HST_mock_412
H0  =  69.420463
sigma_H0	=   1.740000
