DataName 	= HST_mock_267
H0  =  66.752855
sigma_H0	=   1.740000
