DataName 	= HST_mock_430
H0		=  69.665576
sigma_H0	=   1.740000
