DataName 	= HST_mock_337
H0  =  65.944411
sigma_H0	=   1.740000
