DataName 	= HST_mock_593
H0		=  68.174914
sigma_H0	=   1.740000
