DataName 	= HST_mock_182
H0  =  67.761448
sigma_H0	=   1.740000
