DataName 	= HST_mock_90
H0		=  67.086535
sigma_H0	=   1.740000
