DataName 	= HST_mock_138
H0		=  67.186855
sigma_H0	=   1.740000
