DataName 	= HST_mock_801
H0		=  68.020691
sigma_H0	=   1.740000
