DataName 	= HST_mock_94
H0  =  66.390787
sigma_H0	=   1.740000
