DataName 	= HST_mock_736
H0		=  67.832338
sigma_H0	=   1.740000
