DataName 	= HST_mock_375
H0		=  67.189270
sigma_H0	=   1.740000
