DataName 	= HST_mock_339
H0		=  67.507323
sigma_H0	=   1.740000
