DataName 	= HST_mock_270
H0  =  69.379791
sigma_H0	=   1.740000
