DataName 	= HST_mock_301
H0  =  65.899574
sigma_H0	=   1.740000
