DataName 	= HST_mock_363
H0		=  66.699504
sigma_H0	=   1.740000
