DataName 	= HST_mock_635
H0  =  66.340121
sigma_H0	=   1.740000
