DataName 	= HST_mock_735
H0		=  66.885408
sigma_H0	=   1.740000
