DataName 	= HST_mock_35
H0  =  65.180352
sigma_H0	=   1.740000
