DataName 	= HST_mock_69
H0  =  70.422348
sigma_H0	=   1.740000
