DataName 	= HST_mock_532
H0  =  66.877676
sigma_H0	=   1.740000
