DataName 	= HST_mock_228
H0		=  65.101674
sigma_H0	=   1.740000
