DataName 	= HST_mock_123
H0  =  67.741048
sigma_H0	=   1.740000
