DataName 	= HST_mock_57
H0  =  65.414407
sigma_H0	=   1.740000
