DataName 	= HST_mock_876
H0  =  67.903632
sigma_H0	=   1.740000
