DataName 	= HST_mock_696
H0  =  68.336233
sigma_H0	=   1.740000
