DataName 	= HST_mock_348
H0		=  65.645559
sigma_H0	=   1.740000
