DataName 	= HST_mock_873
H0  =  68.612635
sigma_H0	=   1.740000
