DataName 	= HST_mock_595
H0  =  69.484188
sigma_H0	=   1.740000
