DataName 	= HST_mock_297
H0		=  68.273084
sigma_H0	=   1.740000
