DataName 	= HST_mock_668
H0  =  66.499593
sigma_H0	=   1.740000
