DataName 	= HST_mock_987
H0		=  65.820186
sigma_H0	=   1.740000
