DataName 	= HST_mock_978
H0  =  67.135689
sigma_H0	=   1.740000
