DataName 	= HST_mock_721
H0		=  64.455271
sigma_H0	=   1.740000
