DataName 	= HST_mock_707
H0		=  69.911762
sigma_H0	=   1.740000
