DataName 	= HST_mock_550
H0  =  68.522576
sigma_H0	=   1.740000
