DataName 	= HST_mock_317
H0  =  66.752814
sigma_H0	=   1.740000
