DataName 	= HST_mock_34
H0		=  66.515245
sigma_H0	=   1.740000
