DataName 	= HST_mock_547
H0		=  65.971317
sigma_H0	=   1.740000
