DataName 	= HST_mock_583
H0		=  66.975740
sigma_H0	=   1.740000
