DataName 	= HST_mock_299
H0		=  68.624124
sigma_H0	=   1.740000
