DataName 	= HST_mock_129
H0  =  65.466303
sigma_H0	=   1.740000
