DataName 	= HST_mock_808
H0		=  67.863220
sigma_H0	=   1.740000
