DataName 	= HST_mock_738
H0  =  67.444217
sigma_H0	=   1.740000
