DataName 	= HST_mock_173
H0  =  66.805990
sigma_H0	=   1.740000
