DataName 	= HST_mock_549
H0  =  68.218641
sigma_H0	=   1.740000
