DataName 	= HST_mock_329
H0  =  69.012844
sigma_H0	=   1.740000
