DataName 	= HST_mock_859
H0  =  67.000406
sigma_H0	=   1.740000
