DataName 	= HST_mock_516
H0  =  65.235231
sigma_H0	=   1.740000
