DataName 	= HST_mock_36
H0		=  70.072892
sigma_H0	=   1.740000
