DataName 	= HST_mock_225
H0		=  64.854362
sigma_H0	=   1.740000
