DataName 	= HST_mock_795
H0		=  67.799792
sigma_H0	=   1.740000
