DataName 	= HST_mock_135
H0  =  70.981430
sigma_H0	=   1.740000
