DataName 	= HST_mock_111
H0  =  67.634184
sigma_H0	=   1.740000
