DataName 	= HST_mock_813
H0		=  64.051069
sigma_H0	=   1.740000
