DataName 	= HST_mock_552
H0		=  69.704181
sigma_H0	=   1.740000
