DataName 	= HST_mock_539
H0  =  66.264718
sigma_H0	=   1.740000
