DataName 	= HST_mock_419
H0		=  70.472249
sigma_H0	=   1.740000
