DataName 	= HST_mock_215
H0		=  66.586429
sigma_H0	=   1.740000
