DataName 	= HST_mock_265
H0		=  69.880512
sigma_H0	=   1.740000
