DataName 	= HST_mock_825
H0		=  65.932919
sigma_H0	=   1.740000
