DataName 	= HST_mock_485
H0  =  65.911167
sigma_H0	=   1.740000
