DataName 	= HST_mock_852
H0  =  66.234613
sigma_H0	=   1.740000
