DataName 	= HST_mock_445
H0  =  71.093472
sigma_H0	=   1.740000
