DataName 	= HST_mock_106
H0  =  67.855020
sigma_H0	=   1.740000
