DataName 	= HST_mock_38
H0		=  65.706929
sigma_H0	=   1.740000
