DataName 	= HST_mock_460
H0  =  69.246249
sigma_H0	=   1.740000
