DataName 	= HST_mock_525
H0		=  68.501092
sigma_H0	=   1.740000
