DataName 	= HST_mock_251
H0  =  67.721073
sigma_H0	=   1.740000
