DataName 	= HST_mock_935
H0		=  67.935446
sigma_H0	=   1.740000
