DataName 	= HST_mock_20
H0		=  67.626977
sigma_H0	=   1.740000
