DataName 	= HST_mock_924
H0  =  67.801783
sigma_H0	=   1.740000
