DataName 	= HST_mock_183
H0		=  64.886175
sigma_H0	=   1.740000
