DataName 	= HST_mock_195
H0		=  68.107847
sigma_H0	=   1.740000
