DataName 	= HST_mock_312
H0		=  71.045655
sigma_H0	=   1.740000
