DataName 	= HST_mock_260
H0  =  67.142446
sigma_H0	=   1.740000
