DataName 	= HST_mock_760
H0  =  68.920510
sigma_H0	=   1.740000
