DataName 	= HST_mock_567
H0  =  68.477007
sigma_H0	=   1.740000
