DataName 	= HST_mock_823
H0		=  67.144190
sigma_H0	=   1.740000
