DataName 	= HST_mock_985
H0  =  66.956468
sigma_H0	=   1.740000
