DataName 	= HST_mock_47
H0  =  67.981010
sigma_H0	=   1.740000
