DataName 	= HST_mock_439
H0		=  67.601540
sigma_H0	=   1.740000
