DataName 	= HST_mock_438
H0  =  65.373534
sigma_H0	=   1.740000
