DataName 	= HST_mock_493
H0  =  69.317507
sigma_H0	=   1.740000
