DataName 	= HST_mock_885
H0		=  67.825221
sigma_H0	=   1.740000
