DataName 	= HST_mock_473
H0		=  69.778459
sigma_H0	=   1.740000
