DataName 	= HST_mock_146
H0		=  69.256988
sigma_H0	=   1.740000
