DataName 	= HST_mock_697
H0  =  69.013320
sigma_H0	=   1.740000
