DataName 	= HST_mock_854
H0  =  64.691266
sigma_H0	=   1.740000
