DataName 	= HST_mock_222
H0  =  64.228033
sigma_H0	=   1.740000
