DataName 	= HST_mock_550
H0		=  66.117424
sigma_H0	=   1.740000
