DataName 	= HST_mock_789
H0  =  69.322991
sigma_H0	=   1.740000
