DataName 	= HST_mock_972
H0		=  68.185196
sigma_H0	=   1.740000
