DataName 	= HST_mock_448
H0		=  66.000083
sigma_H0	=   1.740000
