DataName 	= HST_mock_24
H0  =  67.369623
sigma_H0	=   1.740000
