DataName 	= HST_mock_821
H0		=  63.389033
sigma_H0	=   1.740000
