DataName 	= HST_mock_751
H0  =  67.846250
sigma_H0	=   1.740000
