DataName 	= HST_mock_544
H0  =  69.661743
sigma_H0	=   1.740000
