DataName 	= HST_mock_350
H0  =  66.527128
sigma_H0	=   1.740000
