DataName 	= HST_mock_221
H0  =  66.479695
sigma_H0	=   1.740000
