DataName 	= HST_mock_807
H0		=  70.401657
sigma_H0	=   1.740000
