DataName 	= HST_mock_384
H0		=  64.834465
sigma_H0	=   1.740000
