DataName 	= HST_mock_184
H0  =  67.809669
sigma_H0	=   1.740000
