DataName 	= HST_mock_794
H0  =  66.901538
sigma_H0	=   1.740000
