DataName 	= HST_mock_336
H0  =  63.073569
sigma_H0	=   1.740000
