DataName 	= HST_mock_592
H0  =  65.447790
sigma_H0	=   1.740000
