DataName 	= HST_mock_782
H0  =  67.553053
sigma_H0	=   1.740000
