DataName 	= HST_mock_537
H0		=  68.085494
sigma_H0	=   1.740000
