DataName 	= HST_mock_696
H0		=  66.303767
sigma_H0	=   1.740000
