DataName 	= HST_mock_181
H0  =  69.368619
sigma_H0	=   1.740000
