DataName 	= HST_mock_182
H0		=  66.878552
sigma_H0	=   1.740000
