DataName 	= HST_mock_554
H0  =  70.311912
sigma_H0	=   1.740000
