DataName 	= HST_mock_351
H0  =  66.645916
sigma_H0	=   1.740000
