DataName 	= HST_mock_611
H0		=  69.249119
sigma_H0	=   1.740000
