DataName 	= HST_mock_542
H0  =  67.069002
sigma_H0	=   1.740000
