DataName 	= HST_mock_498
H0		=  65.423318
sigma_H0	=   1.740000
