DataName 	= HST_mock_680
H0  =  67.488870
sigma_H0	=   1.740000
