DataName 	= HST_mock_426
H0		=  68.071888
sigma_H0	=   1.740000
