DataName 	= HST_mock_464
H0		=  66.029373
sigma_H0	=   1.740000
