DataName 	= HST_mock_816
H0  =  68.242026
sigma_H0	=   1.740000
