DataName 	= HST_mock_621
H0		=  67.126177
sigma_H0	=   1.740000
