DataName 	= HST_mock_499
H0		=  65.392670
sigma_H0	=   1.740000
