DataName 	= HST_mock_14
H0		=  70.613290
sigma_H0	=   1.740000
