DataName 	= HST_mock_37
H0		=  66.288866
sigma_H0	=   1.740000
