DataName 	= HST_mock_653
H0		=  70.001926
sigma_H0	=   1.740000
