DataName 	= HST_mock_953
H0		=  67.135514
sigma_H0	=   1.740000
