DataName 	= HST_mock_272
H0  =  67.853572
sigma_H0	=   1.740000
