DataName 	= HST_mock_789
H0		=  65.317009
sigma_H0	=   1.740000
