DataName 	= HST_mock_602
H0		=  69.671616
sigma_H0	=   1.740000
