DataName 	= HST_mock_233
H0  =  68.382023
sigma_H0	=   1.740000
