DataName 	= HST_mock_793
H0		=  67.868579
sigma_H0	=   1.740000
