DataName 	= HST_mock_849
H0		=  69.068419
sigma_H0	=   1.740000
