DataName 	= HST_mock_60
H0		=  69.322395
sigma_H0	=   1.740000
