DataName 	= HST_mock_210
H0  =  68.034205
sigma_H0	=   1.740000
