DataName 	= HST_mock_380
H0		=  69.424514
sigma_H0	=   1.740000
