DataName 	= HST_mock_185
H0  =  65.178071
sigma_H0	=   1.740000
