DataName 	= HST_mock_269
H0  =  66.300472
sigma_H0	=   1.740000
