DataName 	= HST_mock_499
H0  =  69.247330
sigma_H0	=   1.740000
