DataName 	= HST_mock_578
H0		=  67.042940
sigma_H0	=   1.740000
