DataName 	= HST_mock_397
H0		=  68.628854
sigma_H0	=   1.740000
