DataName 	= HST_mock_848
H0		=  68.958990
sigma_H0	=   1.740000
