DataName 	= HST_mock_960
H0		=  67.986170
sigma_H0	=   1.740000
