DataName 	= HST_mock_425
H0		=  63.680259
sigma_H0	=   1.740000
