DataName 	= HST_mock_912
H0  =  67.082971
sigma_H0	=   1.740000
