DataName 	= HST_mock_302
H0  =  67.603848
sigma_H0	=   1.740000
