DataName 	= HST_mock_709
H0		=  65.218843
sigma_H0	=   1.740000
