DataName 	= HST_mock_707
H0  =  64.728238
sigma_H0	=   1.740000
