DataName 	= HST_mock_41
H0  =  65.309622
sigma_H0	=   1.740000
