DataName 	= HST_mock_716
H0  =  66.815071
sigma_H0	=   1.740000
