DataName 	= HST_mock_991
H0  =  70.133496
sigma_H0	=   1.740000
