DataName 	= HST_mock_825
H0  =  68.707081
sigma_H0	=   1.740000
