DataName 	= HST_mock_361
H0  =  69.778453
sigma_H0	=   1.740000
