DataName 	= HST_mock_51
H0		=  68.715366
sigma_H0	=   1.740000
