DataName 	= HST_mock_72
H0  =  66.601131
sigma_H0	=   1.740000
