DataName 	= HST_mock_944
H0		=  66.542971
sigma_H0	=   1.740000
