DataName 	= HST_mock_644
H0		=  66.135519
sigma_H0	=   1.740000
