DataName 	= HST_mock_346
H0  =  66.128347
sigma_H0	=   1.740000
