DataName 	= HST_mock_722
H0  =  68.577243
sigma_H0	=   1.740000
