DataName 	= HST_mock_466
H0		=  67.734279
sigma_H0	=   1.740000
