DataName 	= HST_mock_153
H0  =  68.580395
sigma_H0	=   1.740000
