DataName 	= HST_mock_116
H0  =  66.938889
sigma_H0	=   1.740000
