DataName 	= HST_mock_786
H0  =  66.846575
sigma_H0	=   1.740000
