DataName 	= HST_mock_931
H0		=  67.651598
sigma_H0	=   1.740000
