DataName 	= HST_mock_8
H0  =  66.069584
sigma_H0	=   1.740000
