DataName 	= HST_mock_882
H0  =  69.406824
sigma_H0	=   1.740000
