DataName 	= HST_mock_693
H0		=  68.272096
sigma_H0	=   1.740000
