DataName 	= HST_mock_680
H0		=  67.151130
sigma_H0	=   1.740000
