DataName 	= HST_mock_354
H0		=  69.458109
sigma_H0	=   1.740000
