DataName 	= HST_mock_259
H0		=  66.316143
sigma_H0	=   1.740000
