DataName 	= HST_mock_23
H0  =  68.328861
sigma_H0	=   1.740000
