DataName 	= HST_mock_242
H0  =  69.527595
sigma_H0	=   1.740000
