DataName 	= HST_mock_190
H0		=  68.335672
sigma_H0	=   1.740000
