DataName 	= HST_mock_366
H0  =  67.194257
sigma_H0	=   1.740000
