DataName 	= HST_mock_832
H0		=  70.951062
sigma_H0	=   1.740000
