DataName 	= HST_mock_491
H0  =  70.432090
sigma_H0	=   1.740000
