DataName 	= HST_mock_924
H0		=  66.838217
sigma_H0	=   1.740000
