DataName 	= HST_mock_156
H0  =  68.613727
sigma_H0	=   1.740000
