DataName 	= HST_mock_258
H0  =  66.051158
sigma_H0	=   1.740000
