DataName 	= HST_mock_236
H0		=  65.737440
sigma_H0	=   1.740000
