DataName 	= HST_mock_91
H0		=  69.512967
sigma_H0	=   1.740000
