DataName 	= HST_mock_194
H0  =  68.069642
sigma_H0	=   1.740000
