DataName 	= HST_mock_834
H0  =  67.228926
sigma_H0	=   1.740000
