DataName 	= HST_mock_276
H0		=  68.613948
sigma_H0	=   1.740000
