DataName 	= HST_mock_576
H0  =  66.050517
sigma_H0	=   1.740000
