DataName 	= HST_mock_173
H0		=  67.834010
sigma_H0	=   1.740000
