DataName 	= HST_mock_634
H0		=  66.317622
sigma_H0	=   1.740000
