DataName 	= HST_mock_956
H0  =  70.163620
sigma_H0	=   1.740000
