DataName 	= HST_mock_625
H0  =  68.303588
sigma_H0	=   1.740000
