DataName 	= HST_mock_652
H0		=  68.159613
sigma_H0	=   1.740000
