DataName 	= HST_mock_486
H0  =  67.090190
sigma_H0	=   1.740000
