DataName 	= HST_mock_27
H0  =  64.963800
sigma_H0	=   1.740000
