DataName 	= HST_mock_804
H0  =  66.434007
sigma_H0	=   1.740000
