DataName 	= HST_mock_982
H0  =  66.674150
sigma_H0	=   1.740000
