DataName 	= HST_mock_974
H0  =  64.239067
sigma_H0	=   1.740000
