DataName 	= HST_mock_970
H0		=  63.788556
sigma_H0	=   1.740000
