DataName 	= HST_mock_472
H0  =  68.096859
sigma_H0	=   1.740000
