DataName 	= HST_mock_503
H0  =  64.951920
sigma_H0	=   1.740000
