DataName 	= HST_mock_806
H0		=  68.478950
sigma_H0	=   1.740000
