DataName 	= HST_mock_218
H0  =  68.092121
sigma_H0	=   1.740000
