DataName 	= HST_mock_859
H0		=  67.639594
sigma_H0	=   1.740000
