DataName 	= HST_mock_609
H0  =  68.759131
sigma_H0	=   1.740000
