DataName 	= HST_mock_27
H0		=  69.676200
sigma_H0	=   1.740000
