DataName 	= HST_mock_483
H0		=  68.773513
sigma_H0	=   1.740000
