DataName 	= HST_mock_759
H0		=  67.649164
sigma_H0	=   1.740000
