DataName 	= HST_mock_96
H0		=  69.469991
sigma_H0	=   1.740000
