DataName 	= HST_mock_74
H0		=  66.697809
sigma_H0	=   1.740000
