DataName 	= HST_mock_626
H0		=  65.856282
sigma_H0	=   1.740000
