DataName 	= HST_mock_255
H0		=  64.899469
sigma_H0	=   1.740000
