DataName 	= HST_mock_571
H0		=  67.775169
sigma_H0	=   1.740000
