DataName 	= HST_mock_788
H0  =  67.000116
sigma_H0	=   1.740000
