DataName 	= HST_mock_298
H0		=  66.646250
sigma_H0	=   1.740000
