DataName 	= HST_mock_894
H0  =  68.981588
sigma_H0	=   1.740000
