DataName 	= HST_mock_365
H0		=  66.347483
sigma_H0	=   1.740000
