DataName 	= HST_mock_84
H0  =  69.279558
sigma_H0	=   1.740000
