DataName 	= HST_mock_68
H0		=  67.324348
sigma_H0	=   1.740000
