DataName 	= HST_mock_643
H0  =  66.896533
sigma_H0	=   1.740000
