DataName 	= HST_mock_824
H0		=  68.175249
sigma_H0	=   1.740000
