DataName 	= HST_mock_330
H0		=  68.185376
sigma_H0	=   1.740000
