DataName 	= HST_mock_433
H0		=  69.555772
sigma_H0	=   1.740000
