DataName 	= HST_mock_89
H0		=  68.147035
sigma_H0	=   1.740000
