DataName 	= HST_mock_167
H0		=  72.524464
sigma_H0	=   1.740000
