DataName 	= HST_mock_229
H0		=  66.445964
sigma_H0	=   1.740000
