DataName 	= HST_mock_492
H0  =  68.600903
sigma_H0	=   1.740000
