DataName 	= HST_mock_101
H0		=  66.411476
sigma_H0	=   1.740000
