DataName 	= HST_mock_128
H0		=  64.208617
sigma_H0	=   1.740000
