DataName 	= HST_mock_538
H0		=  68.751314
sigma_H0	=   1.740000
