DataName 	= HST_mock_945
H0		=  64.973646
sigma_H0	=   1.740000
