DataName 	= HST_mock_274
H0  =  70.043943
sigma_H0	=   1.740000
