DataName 	= HST_mock_506
H0		=  67.299870
sigma_H0	=   1.740000
