DataName 	= HST_mock_959
H0		=  67.886605
sigma_H0	=   1.740000
