DataName 	= HST_mock_24
H0		=  67.270377
sigma_H0	=   1.740000
