DataName 	= HST_mock_645
H0		=  67.302549
sigma_H0	=   1.740000
