DataName 	= HST_mock_772
H0  =  67.711333
sigma_H0	=   1.740000
