DataName 	= HST_mock_686
H0		=  70.943509
sigma_H0	=   1.740000
