DataName 	= HST_mock_440
H0		=  67.968502
sigma_H0	=   1.740000
