DataName 	= HST_mock_115
H0		=  67.291480
sigma_H0	=   1.740000
