DataName 	= HST_mock_817
H0		=  66.239681
sigma_H0	=   1.740000
