DataName 	= HST_mock_497
H0		=  68.045510
sigma_H0	=   1.740000
