DataName 	= HST_mock_891
H0  =  66.982601
sigma_H0	=   1.740000
