DataName 	= HST_mock_914
H0		=  67.723384
sigma_H0	=   1.740000
