DataName 	= HST_mock_19
H0  =  65.145191
sigma_H0	=   1.740000
