DataName 	= HST_mock_524
H0  =  70.836575
sigma_H0	=   1.740000
