DataName 	= HST_mock_313
H0  =  69.081016
sigma_H0	=   1.740000
