DataName 	= HST_mock_376
H0  =  67.031835
sigma_H0	=   1.740000
