DataName 	= HST_mock_370
H0  =  69.920785
sigma_H0	=   1.740000
