DataName 	= HST_mock_441
H0  =  67.977039
sigma_H0	=   1.740000
