DataName 	= HST_mock_188
H0  =  68.439928
sigma_H0	=   1.740000
