DataName 	= HST_mock_264
H0		=  67.735870
sigma_H0	=   1.740000
