DataName 	= HST_mock_100
H0		=  66.596491
sigma_H0	=   1.740000
