DataName 	= HST_mock_829
H0		=  66.297665
sigma_H0	=   1.740000
