DataName 	= HST_mock_318
H0		=  67.173615
sigma_H0	=   1.740000
