DataName 	= HST_mock_843
H0		=  64.852799
sigma_H0	=   1.740000
