DataName 	= HST_mock_296
H0  =  67.072547
sigma_H0	=   1.740000
