DataName 	= HST_mock_845
H0		=  65.686428
sigma_H0	=   1.740000
