DataName 	= HST_mock_196
H0  =  69.127216
sigma_H0	=   1.740000
