DataName 	= HST_mock_704
H0		=  68.070686
sigma_H0	=   1.740000
