DataName 	= HST_mock_747
H0  =  63.558661
sigma_H0	=   1.740000
