DataName 	= HST_mock_750
H0		=  67.913292
sigma_H0	=   1.740000
