DataName 	= HST_mock_708
H0  =  67.129504
sigma_H0	=   1.740000
