DataName 	= HST_mock_254
H0  =  67.646973
sigma_H0	=   1.740000
