DataName 	= HST_mock_852
H0		=  68.405387
sigma_H0	=   1.740000
