DataName 	= HST_mock_558
H0  =  68.185153
sigma_H0	=   1.740000
