DataName 	= HST_mock_586
H0		=  68.580068
sigma_H0	=   1.740000
