DataName 	= HST_mock_564
H0  =  68.407135
sigma_H0	=   1.740000
