DataName 	= HST_mock_211
H0  =  65.368885
sigma_H0	=   1.740000
