DataName 	= HST_mock_103
H0		=  68.645587
sigma_H0	=   1.740000
