DataName 	= HST_mock_49
H0  =  66.396424
sigma_H0	=   1.740000
