DataName 	= HST_mock_607
H0		=  65.915595
sigma_H0	=   1.740000
