DataName 	= HST_mock_9
H0  =  71.112451
sigma_H0	=   1.740000
