DataName 	= HST_mock_530
H0  =  66.527867
sigma_H0	=   1.740000
