DataName 	= HST_mock_118
H0		=  69.350646
sigma_H0	=   1.740000
