DataName 	= HST_mock_12
H0		=  68.738285
sigma_H0	=   1.740000
