DataName 	= HST_mock_4
H0		=  64.537027
sigma_H0	=   1.740000
