DataName 	= HST_mock_987
H0  =  68.819814
sigma_H0	=   1.740000
