DataName 	= HST_mock_158
H0  =  68.074056
sigma_H0	=   1.740000
