DataName 	= HST_mock_432
H0		=  68.765834
sigma_H0	=   1.740000
