DataName 	= HST_mock_220
H0  =  69.635226
sigma_H0	=   1.740000
