DataName 	= HST_mock_991
H0		=  64.506504
sigma_H0	=   1.740000
