DataName 	= HST_mock_174
H0		=  65.105343
sigma_H0	=   1.740000
