DataName 	= HST_mock_200
H0  =  67.218678
sigma_H0	=   1.740000
