DataName 	= HST_mock_219
H0		=  67.825999
sigma_H0	=   1.740000
