DataName 	= HST_mock_460
H0		=  65.393751
sigma_H0	=   1.740000
