DataName 	= HST_mock_818
H0  =  68.331711
sigma_H0	=   1.740000
