DataName 	= HST_mock_340
H0		=  66.537323
sigma_H0	=   1.740000
