DataName 	= HST_mock_839
H0		=  68.558874
sigma_H0	=   1.740000
