DataName 	= HST_mock_932
H0		=  69.626829
sigma_H0	=   1.740000
