DataName 	= HST_mock_926
H0		=  68.532148
sigma_H0	=   1.740000
