DataName 	= HST_mock_452
H0  =  71.063212
sigma_H0	=   1.740000
