DataName 	= HST_mock_655
H0		=  67.958049
sigma_H0	=   1.740000
