DataName 	= HST_mock_753
H0		=  68.811010
sigma_H0	=   1.740000
