DataName 	= HST_mock_976
H0		=  68.776349
sigma_H0	=   1.740000
