DataName 	= HST_mock_217
H0		=  67.661701
sigma_H0	=   1.740000
