DataName 	= HST_mock_793
H0  =  66.771421
sigma_H0	=   1.740000
