DataName 	= HST_mock_426
H0  =  66.568112
sigma_H0	=   1.740000
