DataName 	= HST_mock_308
H0		=  70.021997
sigma_H0	=   1.740000
