DataName 	= HST_mock_93
H0  =  67.058742
sigma_H0	=   1.740000
