DataName 	= HST_mock_994
H0		=  67.840300
sigma_H0	=   1.740000
