DataName 	= HST_mock_97
H0		=  67.005216
sigma_H0	=   1.740000
