DataName 	= HST_mock_974
H0		=  70.400933
sigma_H0	=   1.740000
