DataName 	= HST_mock_685
H0  =  66.744904
sigma_H0	=   1.740000
