DataName 	= HST_mock_855
H0		=  67.073950
sigma_H0	=   1.740000
