DataName 	= HST_mock_951
H0  =  68.079924
sigma_H0	=   1.740000
