DataName 	= HST_mock_473
H0  =  64.861541
sigma_H0	=   1.740000
