DataName 	= HST_mock_993
H0  =  68.327920
sigma_H0	=   1.740000
