DataName 	= HST_mock_18
H0  =  68.033767
sigma_H0	=   1.740000
