DataName 	= HST_mock_450
H0  =  66.932922
sigma_H0	=   1.740000
