DataName 	= HST_mock_672
H0  =  69.093287
sigma_H0	=   1.740000
