DataName 	= HST_mock_954
H0  =  70.032883
sigma_H0	=   1.740000
