DataName 	= HST_mock_387
H0		=  65.837659
sigma_H0	=   1.740000
