DataName 	= HST_mock_306
H0		=  67.671117
sigma_H0	=   1.740000
