DataName 	= HST_mock_791
H0		=  64.947872
sigma_H0	=   1.740000
