DataName 	= HST_mock_444
H0		=  65.340002
sigma_H0	=   1.740000
