DataName 	= HST_mock_912
H0		=  67.557029
sigma_H0	=   1.740000
