DataName 	= HST_mock_179
H0		=  70.174218
sigma_H0	=   1.740000
