DataName 	= HST_mock_393
H0		=  67.130305
sigma_H0	=   1.740000
