DataName 	= HST_mock_705
H0  =  68.754938
sigma_H0	=   1.740000
