DataName 	= HST_mock_578
H0  =  67.597060
sigma_H0	=   1.740000
