DataName 	= HST_mock_535
H0  =  66.337621
sigma_H0	=   1.740000
