DataName 	= HST_mock_566
H0		=  68.534535
sigma_H0	=   1.740000
