DataName 	= HST_mock_505
H0  =  66.958666
sigma_H0	=   1.740000
