DataName 	= HST_mock_327
H0		=  64.312774
sigma_H0	=   1.740000
