DataName 	= HST_mock_512
H0		=  66.572800
sigma_H0	=   1.740000
