DataName 	= HST_mock_882
H0		=  65.233176
sigma_H0	=   1.740000
