DataName 	= HST_mock_920
H0		=  67.701320
sigma_H0	=   1.740000
