DataName 	= HST_mock_164
H0		=  68.616750
sigma_H0	=   1.740000
