DataName 	= HST_mock_730
H0  =  67.618648
sigma_H0	=   1.740000
