DataName 	= HST_mock_99
H0  =  68.204641
sigma_H0	=   1.740000
