DataName 	= HST_mock_76
H0		=  65.631587
sigma_H0	=   1.740000
