DataName 	= HST_mock_48
H0  =  67.158272
sigma_H0	=   1.740000
