DataName 	= HST_mock_288
H0  =  68.675538
sigma_H0	=   1.740000
