DataName 	= HST_mock_344
H0  =  68.581927
sigma_H0	=   1.740000
