DataName 	= HST_mock_977
H0		=  65.685714
sigma_H0	=   1.740000
