DataName 	= HST_mock_117
H0		=  64.911569
sigma_H0	=   1.740000
