DataName 	= HST_mock_88
H0  =  67.826051
sigma_H0	=   1.740000
