DataName 	= HST_mock_579
H0		=  69.545053
sigma_H0	=   1.740000
