DataName 	= HST_mock_919
H0  =  68.921231
sigma_H0	=   1.740000
