DataName 	= HST_mock_502
H0  =  67.655384
sigma_H0	=   1.740000
