DataName 	= HST_mock_2
H0  =  70.433680
sigma_H0	=   1.740000
