DataName 	= HST_mock_543
H0  =  67.373703
sigma_H0	=   1.740000
