DataName 	= HST_mock_845
H0  =  68.953572
sigma_H0	=   1.740000
