DataName 	= HST_mock_819
H0		=  64.930491
sigma_H0	=   1.740000
