DataName 	= HST_mock_238
H0		=  68.554473
sigma_H0	=   1.740000
