DataName 	= HST_mock_198
H0		=  68.236153
sigma_H0	=   1.740000
