DataName 	= HST_mock_191
H0  =  69.532269
sigma_H0	=   1.740000
