DataName 	= HST_mock_580
H0  =  67.272377
sigma_H0	=   1.740000
