DataName 	= HST_mock_124
H0  =  71.309096
sigma_H0	=   1.740000
