DataName 	= HST_mock_271
H0		=  67.683736
sigma_H0	=   1.740000
