DataName 	= HST_mock_683
H0  =  68.198233
sigma_H0	=   1.740000
