DataName 	= HST_mock_608
H0  =  67.526605
sigma_H0	=   1.740000
