DataName 	= HST_mock_541
H0		=  67.215155
sigma_H0	=   1.740000
