DataName 	= HST_mock_189
H0  =  70.199075
sigma_H0	=   1.740000
