DataName 	= HST_mock_525
H0  =  66.138908
sigma_H0	=   1.740000
