DataName 	= HST_mock_123
H0		=  66.898952
sigma_H0	=   1.740000
