DataName 	= HST_mock_810
H0  =  67.328756
sigma_H0	=   1.740000
