DataName 	= HST_mock_231
H0		=  67.498261
sigma_H0	=   1.740000
