DataName 	= HST_mock_305
H0  =  71.468946
sigma_H0	=   1.740000
