DataName 	= HST_mock_714
H0  =  68.538629
sigma_H0	=   1.740000
