DataName 	= HST_mock_61
H0  =  71.206694
sigma_H0	=   1.740000
