DataName 	= HST_mock_630
H0  =  66.629078
sigma_H0	=   1.740000
