DataName 	= HST_mock_904
H0  =  67.897797
sigma_H0	=   1.740000
