DataName 	= HST_mock_62
H0  =  67.530777
sigma_H0	=   1.740000
