DataName 	= HST_mock_437
H0		=  65.010984
sigma_H0	=   1.740000
