DataName 	= HST_mock_19
H0		=  69.494809
sigma_H0	=   1.740000
