DataName 	= HST_mock_670
H0  =  68.816611
sigma_H0	=   1.740000
