DataName 	= HST_mock_872
H0		=  69.738511
sigma_H0	=   1.740000
