DataName 	= HST_mock_234
H0  =  68.712542
sigma_H0	=   1.740000
