DataName 	= HST_mock_867
H0		=  68.484931
sigma_H0	=   1.740000
