DataName 	= HST_mock_311
H0  =  66.675135
sigma_H0	=   1.740000
