DataName 	= HST_mock_889
H0		=  69.028464
sigma_H0	=   1.740000
