DataName 	= HST_mock_938
H0		=  69.136312
sigma_H0	=   1.740000
