DataName 	= HST_mock_950
H0  =  69.209900
sigma_H0	=   1.740000
