DataName 	= HST_mock_610
H0  =  68.550150
sigma_H0	=   1.740000
