DataName 	= HST_mock_866
H0		=  69.458816
sigma_H0	=   1.740000
