DataName 	= HST_mock_355
H0		=  69.278821
sigma_H0	=   1.740000
