DataName 	= HST_mock_642
H0		=  67.067108
sigma_H0	=   1.740000
