DataName 	= HST_mock_883
H0		=  66.300091
sigma_H0	=   1.740000
