DataName 	= HST_mock_326
H0  =  68.445122
sigma_H0	=   1.740000
