DataName 	= HST_mock_827
H0		=  67.002398
sigma_H0	=   1.740000
