DataName 	= HST_mock_130
H0		=  64.645879
sigma_H0	=   1.740000
