DataName 	= HST_mock_69
H0		=  64.217652
sigma_H0	=   1.740000
