DataName 	= HST_mock_391
H0		=  64.528541
sigma_H0	=   1.740000
