DataName 	= HST_mock_186
H0		=  68.311706
sigma_H0	=   1.740000
