DataName 	= HST_mock_517
H0		=  65.685392
sigma_H0	=   1.740000
