DataName 	= HST_mock_668
H0		=  68.140407
sigma_H0	=   1.740000
