DataName 	= HST_mock_877
H0		=  67.802572
sigma_H0	=   1.740000
