DataName 	= HST_mock_459
H0		=  66.369527
sigma_H0	=   1.740000
