DataName 	= HST_mock_572
H0		=  69.918806
sigma_H0	=   1.740000
