DataName 	= HST_mock_979
H0		=  68.170512
sigma_H0	=   1.740000
