DataName 	= HST_mock_633
H0  =  63.512407
sigma_H0	=   1.740000
