DataName 	= HST_mock_706
H0		=  67.323920
sigma_H0	=   1.740000
