DataName 	= HST_mock_166
H0  =  67.497983
sigma_H0	=   1.740000
