DataName 	= HST_mock_56
H0		=  68.661104
sigma_H0	=   1.740000
