DataName 	= HST_mock_428
H0		=  67.515284
sigma_H0	=   1.740000
