DataName 	= HST_mock_937
H0  =  67.298720
sigma_H0	=   1.740000
