DataName 	= HST_mock_419
H0  =  64.167751
sigma_H0	=   1.740000
