DataName 	= HST_mock_731
H0		=  68.068373
sigma_H0	=   1.740000
