DataName 	= HST_mock_310
H0		=  67.631445
sigma_H0	=   1.740000
