DataName 	= HST_mock_622
H0  =  66.176976
sigma_H0	=   1.740000
