DataName 	= HST_mock_520
H0		=  68.421813
sigma_H0	=   1.740000
