DataName 	= HST_mock_6
H0  =  71.496543
sigma_H0	=   1.740000
