DataName 	= HST_mock_786
H0		=  67.793425
sigma_H0	=   1.740000
