DataName 	= HST_mock_510
H0		=  65.882443
sigma_H0	=   1.740000
