DataName 	= HST_mock_604
H0  =  65.223087
sigma_H0	=   1.740000
