DataName 	= HST_mock_664
H0		=  66.169484
sigma_H0	=   1.740000
