DataName 	= HST_mock_577
H0		=  65.371598
sigma_H0	=   1.740000
