DataName 	= HST_mock_565
H0		=  66.948699
sigma_H0	=   1.740000
