DataName 	= HST_mock_518
H0  =  64.617018
sigma_H0	=   1.740000
