DataName 	= HST_mock_747
H0		=  71.081339
sigma_H0	=   1.740000
