DataName 	= HST_mock_614
H0		=  65.413125
sigma_H0	=   1.740000
