DataName 	= HST_mock_425
H0  =  70.959741
sigma_H0	=   1.740000
