DataName 	= HST_mock_636
H0  =  67.501826
sigma_H0	=   1.740000
