DataName 	= HST_mock_851
H0		=  70.324956
sigma_H0	=   1.740000
