DataName 	= HST_mock_893
H0		=  68.398509
sigma_H0	=   1.740000
