DataName 	= HST_mock_896
H0		=  66.900668
sigma_H0	=   1.740000
