DataName 	= HST_mock_465
H0  =  69.996426
sigma_H0	=   1.740000
