DataName 	= HST_mock_985
H0		=  67.683532
sigma_H0	=   1.740000
