DataName 	= HST_mock_431
H0  =  67.750484
sigma_H0	=   1.740000
