DataName 	= HST_mock_376
H0		=  67.608165
sigma_H0	=   1.740000
