DataName 	= HST_mock_487
H0		=  67.059655
sigma_H0	=   1.740000
