DataName 	= HST_mock_653
H0  =  64.638074
sigma_H0	=   1.740000
