DataName 	= HST_mock_462
H0  =  65.726583
sigma_H0	=   1.740000
