DataName 	= HST_mock_790
H0  =  68.420127
sigma_H0	=   1.740000
