DataName 	= HST_mock_72
H0		=  68.038869
sigma_H0	=   1.740000
