DataName 	= HST_mock_104
H0		=  65.167822
sigma_H0	=   1.740000
