DataName 	= HST_mock_256
H0		=  68.062970
sigma_H0	=   1.740000
