DataName 	= HST_mock_65
H0		=  68.793129
sigma_H0	=   1.740000
