DataName 	= HST_mock_948
H0		=  66.097480
sigma_H0	=   1.740000
