DataName 	= HST_mock_79
H0		=  63.457407
sigma_H0	=   1.740000
