DataName 	= HST_mock_732
H0  =  67.525462
sigma_H0	=   1.740000
