DataName 	= HST_mock_315
H0		=  68.003326
sigma_H0	=   1.740000
