DataName 	= HST_mock_937
H0		=  67.341280
sigma_H0	=   1.740000
