DataName 	= HST_mock_446
H0		=  68.406571
sigma_H0	=   1.740000
