DataName 	= HST_mock_82
H0		=  64.667556
sigma_H0	=   1.740000
