DataName 	= HST_mock_133
H0		=  66.993258
sigma_H0	=   1.740000
