DataName 	= HST_mock_702
H0  =  67.425975
sigma_H0	=   1.740000
