DataName 	= HST_mock_968
H0		=  64.387434
sigma_H0	=   1.740000
