DataName 	= HST_mock_455
H0		=  68.736790
sigma_H0	=   1.740000
