DataName 	= HST_mock_377
H0		=  67.283186
sigma_H0	=   1.740000
