DataName 	= HST_mock_656
H0		=  66.333932
sigma_H0	=   1.740000
