DataName 	= HST_mock_908
H0  =  69.148468
sigma_H0	=   1.740000
