DataName 	= HST_mock_484
H0  =  68.615121
sigma_H0	=   1.740000
