DataName 	= HST_mock_334
H0		=  68.648704
sigma_H0	=   1.740000
