DataName 	= HST_mock_210
H0		=  66.605795
sigma_H0	=   1.740000
