DataName 	= HST_mock_120
H0  =  69.943649
sigma_H0	=   1.740000
