DataName 	= HST_mock_904
H0		=  66.742203
sigma_H0	=   1.740000
