DataName 	= HST_mock_125
H0		=  69.280511
sigma_H0	=   1.740000
