DataName 	= HST_mock_161
H0		=  68.495973
sigma_H0	=   1.740000
