DataName 	= HST_mock_877
H0  =  66.837428
sigma_H0	=   1.740000
