DataName 	= HST_mock_785
H0  =  69.596236
sigma_H0	=   1.740000
