DataName 	= HST_mock_972
H0  =  66.454804
sigma_H0	=   1.740000
