DataName 	= HST_mock_39
H0  =  68.138299
sigma_H0	=   1.740000
