DataName 	= HST_mock_673
H0		=  66.854144
sigma_H0	=   1.740000
