DataName 	= HST_mock_752
H0  =  68.229321
sigma_H0	=   1.740000
