DataName 	= HST_mock_539
H0		=  68.375282
sigma_H0	=   1.740000
