DataName 	= HST_mock_322
H0  =  62.722132
sigma_H0	=   1.740000
