DataName 	= HST_mock_570
H0		=  65.490048
sigma_H0	=   1.740000
