DataName 	= HST_mock_945
H0  =  69.666354
sigma_H0	=   1.740000
