DataName 	= HST_mock_327
H0  =  70.327226
sigma_H0	=   1.740000
