DataName 	= HST_mock_979
H0  =  66.469488
sigma_H0	=   1.740000
