DataName 	= HST_mock_710
H0  =  65.893901
sigma_H0	=   1.740000
