DataName 	= HST_mock_110
H0  =  66.565581
sigma_H0	=   1.740000
