DataName 	= HST_mock_405
H0		=  66.502646
sigma_H0	=   1.740000
