DataName 	= HST_mock_957
H0  =  65.944073
sigma_H0	=   1.740000
