DataName 	= HST_mock_815
H0		=  66.235647
sigma_H0	=   1.740000
