DataName 	= HST_mock_305
H0		=  63.171054
sigma_H0	=   1.740000
