DataName 	= HST_mock_7
H0		=  67.621433
sigma_H0	=   1.740000
