DataName 	= HST_mock_778
H0  =  69.491596
sigma_H0	=   1.740000
