DataName 	= HST_mock_92
H0		=  69.172559
sigma_H0	=   1.740000
