DataName 	= HST_mock_161
H0  =  66.144027
sigma_H0	=   1.740000
