DataName 	= HST_mock_307
H0		=  68.980276
sigma_H0	=   1.740000
