DataName 	= HST_mock_856
H0  =  70.830051
sigma_H0	=   1.740000
