DataName 	= HST_mock_128
H0  =  70.431383
sigma_H0	=   1.740000
