DataName 	= HST_mock_208
H0  =  66.469289
sigma_H0	=   1.740000
