DataName 	= HST_mock_54
H0		=  64.307208
sigma_H0	=   1.740000
