DataName 	= HST_mock_965
H0  =  67.704656
sigma_H0	=   1.740000
