DataName 	= HST_mock_403
H0  =  63.623870
sigma_H0	=   1.740000
