DataName 	= HST_mock_160
H0		=  65.898660
sigma_H0	=   1.740000
