DataName 	= HST_mock_50
H0		=  67.709571
sigma_H0	=   1.740000
