DataName 	= HST_mock_120
H0		=  64.696351
sigma_H0	=   1.740000
