DataName 	= HST_mock_753
H0  =  65.828990
sigma_H0	=   1.740000
