DataName 	= HST_mock_940
H0		=  65.705812
sigma_H0	=   1.740000
