DataName 	= HST_mock_457
H0  =  70.631409
sigma_H0	=   1.740000
