DataName 	= HST_mock_239
H0		=  65.596494
sigma_H0	=   1.740000
