DataName 	= HST_mock_939
H0		=  67.768600
sigma_H0	=   1.740000
