DataName 	= HST_mock_308
H0  =  64.618003
sigma_H0	=   1.740000
