DataName 	= HST_mock_314
H0		=  65.962146
sigma_H0	=   1.740000
