DataName 	= HST_mock_94
H0		=  68.249213
sigma_H0	=   1.740000
