DataName 	= HST_mock_515
H0  =  67.225124
sigma_H0	=   1.740000
