DataName 	= HST_mock_941
H0  =  68.526118
sigma_H0	=   1.740000
