DataName 	= HST_mock_339
H0  =  67.132677
sigma_H0	=   1.740000
