DataName 	= HST_mock_520
H0  =  66.218187
sigma_H0	=   1.740000
