DataName 	= HST_mock_81
H0  =  63.323021
sigma_H0	=   1.740000
