DataName 	= HST_mock_462
H0		=  68.913417
sigma_H0	=   1.740000
