DataName 	= HST_mock_105
H0  =  70.271832
sigma_H0	=   1.740000
