DataName 	= HST_mock_258
H0		=  68.588842
sigma_H0	=   1.740000
