DataName 	= HST_mock_394
H0  =  65.776403
sigma_H0	=   1.740000
