DataName 	= HST_mock_350
H0		=  68.112872
sigma_H0	=   1.740000
