DataName 	= HST_mock_291
H0		=  68.240972
sigma_H0	=   1.740000
