DataName 	= HST_mock_718
H0  =  66.872117
sigma_H0	=   1.740000
