DataName 	= HST_mock_362
H0  =  65.821185
sigma_H0	=   1.740000
