DataName 	= HST_mock_389
H0		=  66.291745
sigma_H0	=   1.740000
