DataName 	= HST_mock_651
H0		=  62.833923
sigma_H0	=   1.740000
