DataName 	= HST_mock_290
H0  =  69.924237
sigma_H0	=   1.740000
