DataName 	= HST_mock_331
H0  =  65.332419
sigma_H0	=   1.740000
