DataName 	= HST_mock_44
H0		=  65.876899
sigma_H0	=   1.740000
