DataName 	= HST_mock_827
H0  =  67.637602
sigma_H0	=   1.740000
