DataName 	= HST_mock_349
H0		=  69.204067
sigma_H0	=   1.740000
