DataName 	= HST_mock_764
H0		=  67.502414
sigma_H0	=   1.740000
