DataName 	= HST_mock_246
H0  =  70.560496
sigma_H0	=   1.740000
