DataName 	= HST_mock_868
H0  =  67.690243
sigma_H0	=   1.740000
