DataName 	= HST_mock_152
H0  =  66.741566
sigma_H0	=   1.740000
