DataName 	= HST_mock_649
H0		=  67.379226
sigma_H0	=   1.740000
