DataName 	= HST_mock_606
H0		=  67.501692
sigma_H0	=   1.740000
