DataName 	= HST_mock_665
H0  =  66.469100
sigma_H0	=   1.740000
