DataName 	= HST_mock_942
H0		=  64.342362
sigma_H0	=   1.740000
