DataName 	= HST_mock_245
H0  =  65.560895
sigma_H0	=   1.740000
