DataName 	= HST_mock_765
H0		=  65.734653
sigma_H0	=   1.740000
