DataName 	= HST_mock_949
H0  =  64.849329
sigma_H0	=   1.740000
