DataName 	= HST_mock_545
H0  =  68.861124
sigma_H0	=   1.740000
