DataName 	= HST_mock_989
H0		=  70.231293
sigma_H0	=   1.740000
