DataName 	= HST_mock_292
H0		=  67.284727
sigma_H0	=   1.740000
