DataName 	= HST_mock_495
H0  =  68.974919
sigma_H0	=   1.740000
