DataName 	= HST_mock_695
H0		=  67.353367
sigma_H0	=   1.740000
