DataName 	= HST_mock_85
H0		=  69.132115
sigma_H0	=   1.740000
