DataName 	= HST_mock_9
H0		=  63.527549
sigma_H0	=   1.740000
