DataName 	= HST_mock_635
H0		=  68.299879
sigma_H0	=   1.740000
