DataName 	= HST_mock_711
H0		=  67.621024
sigma_H0	=   1.740000
