DataName 	= HST_mock_236
H0  =  68.902560
sigma_H0	=   1.740000
