DataName 	= HST_mock_314
H0  =  68.677854
sigma_H0	=   1.740000
