DataName 	= HST_mock_808
H0  =  66.776780
sigma_H0	=   1.740000
