DataName 	= HST_mock_372
H0		=  63.749272
sigma_H0	=   1.740000
