DataName 	= HST_mock_591
H0		=  66.635122
sigma_H0	=   1.740000
