DataName 	= HST_mock_332
H0		=  62.304959
sigma_H0	=   1.740000
