DataName 	= HST_mock_516
H0		=  69.404769
sigma_H0	=   1.740000
