DataName 	= HST_mock_848
H0  =  65.681010
sigma_H0	=   1.740000
