DataName 	= HST_mock_124
H0		=  63.330904
sigma_H0	=   1.740000
