DataName 	= HST_mock_270
H0		=  65.260209
sigma_H0	=   1.740000
