DataName 	= HST_mock_110
H0		=  68.074419
sigma_H0	=   1.740000
