DataName 	= HST_mock_703
H0		=  66.296034
sigma_H0	=   1.740000
