DataName 	= HST_mock_443
H0  =  69.538670
sigma_H0	=   1.740000
