DataName 	= HST_mock_531
H0		=  69.157637
sigma_H0	=   1.740000
