DataName 	= HST_mock_170
H0		=  66.258327
sigma_H0	=   1.740000
