DataName 	= HST_mock_416
H0  =  67.967170
sigma_H0	=   1.740000
