DataName 	= HST_mock_524
H0		=  63.803425
sigma_H0	=   1.740000
