DataName 	= HST_mock_673
H0  =  67.785856
sigma_H0	=   1.740000
