DataName 	= HST_mock_177
H0  =  62.729536
sigma_H0	=   1.740000
