DataName 	= HST_mock_193
H0  =  66.355765
sigma_H0	=   1.740000
