DataName 	= HST_mock_701
H0  =  67.945793
sigma_H0	=   1.740000
