DataName 	= HST_mock_964
H0  =  66.602028
sigma_H0	=   1.740000
