DataName 	= HST_mock_798
H0  =  65.477032
sigma_H0	=   1.740000
