DataName 	= HST_mock_86
H0		=  70.707738
sigma_H0	=   1.740000
