DataName 	= HST_mock_332
H0  =  72.335041
sigma_H0	=   1.740000
