DataName 	= HST_mock_575
H0  =  65.350804
sigma_H0	=   1.740000
