DataName 	= HST_mock_761
H0		=  68.708829
sigma_H0	=   1.740000
