DataName 	= HST_mock_615
H0		=  66.583617
sigma_H0	=   1.740000
