DataName 	= HST_mock_697
H0		=  65.626680
sigma_H0	=   1.740000
