DataName 	= HST_mock_781
H0  =  67.853324
sigma_H0	=   1.740000
