DataName 	= HST_mock_647
H0		=  68.314827
sigma_H0	=   1.740000
