DataName 	= HST_mock_475
H0  =  64.783682
sigma_H0	=   1.740000
