DataName 	= HST_mock_285
H0  =  68.596593
sigma_H0	=   1.740000
