DataName 	= HST_mock_1000
H0  =  68.830353
sigma_H0	=   1.740000
