DataName 	= HST_mock_842
H0		=  67.032069
sigma_H0	=   1.740000
