DataName 	= HST_mock_784
H0  =  68.889039
sigma_H0	=   1.740000
