DataName 	= HST_mock_88
H0		=  66.813949
sigma_H0	=   1.740000
