DataName 	= HST_mock_623
H0  =  64.097567
sigma_H0	=   1.740000
