DataName 	= HST_mock_386
H0		=  66.657046
sigma_H0	=   1.740000
