DataName 	= HST_mock_915
H0		=  67.635242
sigma_H0	=   1.740000
