DataName 	= HST_mock_149
H0		=  66.950480
sigma_H0	=   1.740000
