DataName 	= HST_mock_240
H0  =  68.615604
sigma_H0	=   1.740000
