DataName 	= HST_mock_906
H0		=  67.277047
sigma_H0	=   1.740000
