DataName 	= HST_mock_590
H0  =  69.512290
sigma_H0	=   1.740000
