DataName 	= HST_mock_190
H0  =  66.304328
sigma_H0	=   1.740000
