DataName 	= HST_mock_132
H0		=  67.052919
sigma_H0	=   1.740000
