DataName 	= HST_mock_760
H0		=  65.719490
sigma_H0	=   1.740000
