DataName 	= HST_mock_785
H0		=  65.043764
sigma_H0	=   1.740000
