DataName 	= HST_mock_514
H0  =  66.291751
sigma_H0	=   1.740000
