DataName 	= HST_mock_731
H0  =  66.571627
sigma_H0	=   1.740000
