DataName 	= HST_mock_670
H0		=  65.823389
sigma_H0	=   1.740000
