DataName 	= HST_mock_1
H0		=  66.211507
sigma_H0	=   1.740000
