DataName 	= HST_mock_472
H0		=  66.543141
sigma_H0	=   1.740000
