DataName 	= HST_mock_971
H0  =  67.618740
sigma_H0	=   1.740000
