DataName 	= HST_mock_865
H0		=  68.557641
sigma_H0	=   1.740000
