DataName 	= HST_mock_783
H0		=  67.761537
sigma_H0	=   1.740000
