DataName 	= HST_mock_562
H0		=  68.646708
sigma_H0	=   1.740000
