DataName 	= HST_mock_149
H0  =  67.689520
sigma_H0	=   1.740000
