DataName 	= HST_mock_909
H0  =  68.107352
sigma_H0	=   1.740000
