DataName 	= HST_mock_73
H0		=  66.612972
sigma_H0	=   1.740000
