DataName 	= HST_mock_821
H0  =  71.250967
sigma_H0	=   1.740000
