DataName 	= HST_mock_733
H0  =  67.003839
sigma_H0	=   1.740000
