DataName 	= HST_mock_11
H0		=  68.895693
sigma_H0	=   1.740000
