DataName 	= HST_mock_583
H0  =  67.664260
sigma_H0	=   1.740000
