DataName 	= HST_mock_899
H0		=  64.300809
sigma_H0	=   1.740000
