DataName 	= HST_mock_140
H0		=  67.928934
sigma_H0	=   1.740000
