DataName 	= HST_mock_215
H0  =  68.053571
sigma_H0	=   1.740000
