DataName 	= HST_mock_577
H0  =  69.268402
sigma_H0	=   1.740000
