DataName 	= HST_mock_938
H0  =  65.503688
sigma_H0	=   1.740000
