DataName 	= HST_mock_70
H0  =  68.388584
sigma_H0	=   1.740000
