DataName 	= HST_mock_934
H0		=  64.460751
sigma_H0	=   1.740000
