DataName 	= HST_mock_617
H0		=  68.233811
sigma_H0	=   1.740000
