DataName 	= HST_mock_638
H0		=  67.924558
sigma_H0	=   1.740000
