DataName 	= HST_mock_975
H0		=  65.293144
sigma_H0	=   1.740000
