DataName 	= HST_mock_559
H0		=  65.298174
sigma_H0	=   1.740000
