DataName 	= HST_mock_479
H0		=  68.914030
sigma_H0	=   1.740000
