DataName 	= HST_mock_996
H0  =  66.085589
sigma_H0	=   1.740000
