DataName 	= HST_mock_892
H0  =  66.400084
sigma_H0	=   1.740000
