DataName 	= HST_mock_98
H0		=  69.358262
sigma_H0	=   1.740000
