DataName 	= HST_mock_966
H0		=  66.437221
sigma_H0	=   1.740000
