DataName 	= HST_mock_295
H0		=  68.329036
sigma_H0	=   1.740000
