DataName 	= HST_mock_447
H0		=  69.136407
sigma_H0	=   1.740000
