DataName 	= HST_mock_624
H0		=  66.866831
sigma_H0	=   1.740000
