DataName 	= HST_mock_95
H0  =  63.668700
sigma_H0	=   1.740000
