DataName 	= HST_mock_678
H0		=  66.791866
sigma_H0	=   1.740000
