DataName 	= HST_mock_361
H0		=  64.861547
sigma_H0	=   1.740000
