DataName 	= HST_mock_144
H0		=  70.445809
sigma_H0	=   1.740000
