DataName 	= HST_mock_788
H0		=  67.639884
sigma_H0	=   1.740000
