DataName 	= HST_mock_940
H0  =  68.934188
sigma_H0	=   1.740000
