DataName 	= HST_mock_893
H0  =  66.241491
sigma_H0	=   1.740000
