DataName 	= HST_mock_640
H0  =  67.408480
sigma_H0	=   1.740000
