DataName 	= HST_mock_37
H0  =  68.351134
sigma_H0	=   1.740000
