DataName 	= HST_mock_743
H0		=  67.524857
sigma_H0	=   1.740000
