DataName 	= HST_mock_998
H0  =  64.964709
sigma_H0	=   1.740000
