DataName 	= HST_mock_725
H0  =  67.889568
sigma_H0	=   1.740000
