DataName 	= HST_mock_782
H0		=  67.086947
sigma_H0	=   1.740000
