DataName 	= HST_mock_840
H0		=  62.890773
sigma_H0	=   1.740000
