DataName 	= HST_mock_769
H0  =  68.998577
sigma_H0	=   1.740000
