DataName 	= HST_mock_835
H0  =  68.111102
sigma_H0	=   1.740000
