DataName 	= HST_mock_997
H0  =  69.169183
sigma_H0	=   1.740000
