DataName 	= HST_mock_745
H0		=  71.187122
sigma_H0	=   1.740000
