DataName 	= HST_mock_60
H0  =  65.317605
sigma_H0	=   1.740000
