DataName 	= HST_mock_77
H0  =  66.243701
sigma_H0	=   1.740000
