DataName 	= HST_mock_546
H0  =  63.350080
sigma_H0	=   1.740000
