DataName 	= HST_mock_737
H0  =  69.284873
sigma_H0	=   1.740000
