DataName 	= HST_mock_685
H0		=  67.895096
sigma_H0	=   1.740000
