DataName 	= HST_mock_212
H0  =  67.910002
sigma_H0	=   1.740000
