DataName 	= HST_mock_409
H0		=  66.828217
sigma_H0	=   1.740000
