DataName 	= HST_mock_293
H0		=  67.498480
sigma_H0	=   1.740000
