DataName 	= HST_mock_659
H0		=  66.347074
sigma_H0	=   1.740000
