DataName 	= HST_mock_641
H0  =  66.529296
sigma_H0	=   1.740000
