DataName 	= HST_mock_223
H0  =  66.590322
sigma_H0	=   1.740000
