DataName 	= HST_mock_717
H0  =  69.800522
sigma_H0	=   1.740000
