DataName 	= HST_mock_565
H0  =  67.691301
sigma_H0	=   1.740000
