DataName 	= HST_mock_146
H0  =  65.383012
sigma_H0	=   1.740000
