DataName 	= HST_mock_284
H0		=  65.353191
sigma_H0	=   1.740000
