DataName 	= HST_mock_353
H0		=  69.893920
sigma_H0	=   1.740000
