DataName 	= HST_mock_55
H0		=  64.874088
sigma_H0	=   1.740000
