DataName 	= HST_mock_53
H0		=  67.300483
sigma_H0	=   1.740000
