DataName 	= HST_mock_336
H0		=  71.566431
sigma_H0	=   1.740000
