DataName 	= HST_mock_682
H0  =  68.369032
sigma_H0	=   1.740000
