DataName 	= HST_mock_573
H0  =  66.421560
sigma_H0	=   1.740000
