DataName 	= HST_mock_191
H0		=  65.107731
sigma_H0	=   1.740000
