DataName 	= HST_mock_676
H0  =  66.719210
sigma_H0	=   1.740000
