DataName 	= HST_mock_616
H0  =  66.305576
sigma_H0	=   1.740000
