DataName 	= HST_mock_637
H0		=  67.203917
sigma_H0	=   1.740000
