DataName 	= HST_mock_316
H0		=  68.943244
sigma_H0	=   1.740000
