DataName 	= HST_mock_66
H0		=  66.429830
sigma_H0	=   1.740000
