DataName 	= HST_mock_114
H0  =  69.266965
sigma_H0	=   1.740000
