DataName 	= HST_mock_153
H0		=  66.059605
sigma_H0	=   1.740000
