DataName 	= HST_mock_517
H0  =  68.954608
sigma_H0	=   1.740000
