DataName 	= HST_mock_627
H0  =  67.710759
sigma_H0	=   1.740000
