DataName 	= HST_mock_125
H0  =  65.359489
sigma_H0	=   1.740000
