DataName 	= HST_mock_108
H0		=  67.704305
sigma_H0	=   1.740000
