DataName 	= HST_mock_221
H0		=  68.160305
sigma_H0	=   1.740000
