DataName 	= HST_mock_267
H0		=  67.887145
sigma_H0	=   1.740000
