DataName 	= HST_mock_201
H0		=  69.726438
sigma_H0	=   1.740000
