DataName 	= HST_mock_961
H0  =  65.268413
sigma_H0	=   1.740000
