DataName 	= HST_mock_709
H0  =  69.421157
sigma_H0	=   1.740000
