DataName 	= HST_mock_449
H0		=  67.483732
sigma_H0	=   1.740000
