DataName 	= HST_mock_641
H0		=  68.110704
sigma_H0	=   1.740000
