DataName 	= HST_mock_410
H0		=  66.233878
sigma_H0	=   1.740000
