DataName 	= HST_mock_631
H0		=  68.790542
sigma_H0	=   1.740000
