DataName 	= HST_mock_809
H0		=  65.982469
sigma_H0	=   1.740000
