DataName 	= HST_mock_389
H0  =  68.348255
sigma_H0	=   1.740000
