DataName 	= HST_mock_657
H0		=  65.286626
sigma_H0	=   1.740000
