DataName 	= HST_mock_249
H0  =  64.248184
sigma_H0	=   1.740000
