DataName 	= HST_mock_136
H0		=  66.988882
sigma_H0	=   1.740000
