DataName 	= HST_mock_108
H0  =  66.935695
sigma_H0	=   1.740000
