DataName 	= HST_mock_162
H0		=  70.451563
sigma_H0	=   1.740000
