DataName 	= HST_mock_637
H0  =  67.436083
sigma_H0	=   1.740000
