DataName 	= HST_mock_430
H0  =  64.974424
sigma_H0	=   1.740000
