DataName 	= HST_mock_139
H0		=  69.346451
sigma_H0	=   1.740000
