DataName 	= HST_mock_766
H0  =  67.126141
sigma_H0	=   1.740000
