DataName 	= HST_mock_871
H0		=  64.253399
sigma_H0	=   1.740000
