DataName 	= HST_mock_250
H0  =  66.204009
sigma_H0	=   1.740000
