DataName 	= HST_mock_381
H0		=  66.697095
sigma_H0	=   1.740000
