DataName 	= HST_mock_492
H0		=  66.039097
sigma_H0	=   1.740000
