DataName 	= HST_mock_692
H0		=  67.581595
sigma_H0	=   1.740000
