DataName 	= HST_mock_251
H0		=  66.918927
sigma_H0	=   1.740000
