DataName 	= HST_mock_185
H0		=  69.461929
sigma_H0	=   1.740000
