DataName 	= HST_mock_61
H0		=  63.433306
sigma_H0	=   1.740000
