DataName 	= HST_mock_33
H0  =  66.304438
sigma_H0	=   1.740000
