DataName 	= HST_mock_239
H0  =  69.043506
sigma_H0	=   1.740000
