DataName 	= HST_mock_464
H0  =  68.610627
sigma_H0	=   1.740000
