DataName 	= HST_mock_338
H0  =  65.321285
sigma_H0	=   1.740000
