DataName 	= HST_mock_853
H0  =  62.168698
sigma_H0	=   1.740000
