DataName 	= HST_mock_169
H0  =  65.179463
sigma_H0	=   1.740000
