DataName 	= HST_mock_264
H0  =  66.904130
sigma_H0	=   1.740000
