DataName 	= HST_mock_138
H0  =  67.453145
sigma_H0	=   1.740000
