DataName 	= HST_mock_127
H0		=  68.345195
sigma_H0	=   1.740000
