DataName 	= HST_mock_422
H0		=  68.144496
sigma_H0	=   1.740000
