DataName 	= HST_mock_469
H0  =  68.245044
sigma_H0	=   1.740000
