DataName 	= HST_mock_630
H0		=  68.010922
sigma_H0	=   1.740000
