DataName 	= HST_mock_111
H0		=  67.005816
sigma_H0	=   1.740000
