DataName 	= HST_mock_313
H0		=  65.558984
sigma_H0	=   1.740000
