DataName 	= HST_mock_814
H0		=  65.334140
sigma_H0	=   1.740000
