DataName 	= HST_mock_481
H0		=  65.829702
sigma_H0	=   1.740000
