DataName 	= HST_mock_646
H0		=  69.574378
sigma_H0	=   1.740000
