DataName 	= HST_mock_400
H0  =  66.465579
sigma_H0	=   1.740000
