DataName 	= HST_mock_368
H0		=  67.650017
sigma_H0	=   1.740000
