DataName 	= HST_mock_243
H0		=  68.769250
sigma_H0	=   1.740000
